sage: pan_bigomega(5,3,onlycount=True,proof=True, verbose=4)
[3, 3, 3, 3] 0
[3, 3, 3, 5] 1
[3, 3, 3, 7] 0
[3, 3, 3] 1
[3, 3, 5, 5] 1
[3, 3, 5, 7] 24
[3, 3, 5, 11] 2
[3, 3, 5, 13] 0
[3, 3, 5] 27
[3, 3, 7, 7] 0
[3, 3, 7, 11] 0
[3, 3, 7] 0
[3, 3] 28
[3, 5, 5, 5] 0
[3, 5, 5, 7] 3
[3, 5, 5, 11] 0
[3, 5, 5] 3
[3, 5, 7, 7] 2
[3, 5, 7, 11] 72
[3, 5, 7, 13] 12
[3, 5, 7, 17] 3
[3, 5, 7, 19] 1
[3, 5, 7, 23] 0
[3, 5, 7] 90
[3, 5, 11, 11] 0
[3, 5, 11, 13] 0
[3, 5, 11] 0
[3, 5] 93
[3, 7, 7, 7] 0
[3, 7, 7, 11] 0
[3, 7, 7] 0
[3, 7, 11, 11] 0
[3, 7, 11, 13] 0
[3, 7, 11] 0
[3, 7] 0
[3] 121
[5, 5, 5, 5] 0
[5, 5, 5, 7] 0
[5, 5, 5] 0
[5, 5, 7, 7] 0
[5, 5, 7, 11] 0
[5, 5, 7] 0
[5, 5] 0
[5, 7, 7, 7] 0
[5, 7, 7, 11] 0
[5, 7, 7] 0
[5, 7, 11, 11] 0
[5, 7, 11, 13] 0
[5, 7, 11] 0
[5, 7] 0
[5] 0
[] 121
121

