[2, 5, 11, 59] 101
[2, 5, 11, 61] 73
[2, 5, 11, 67] 41
[2, 5, 11, 71] 29
[2, 5, 11, 73] 25
[2, 5, 11, 79] 17
[2, 5, 11, 83] 13
[2, 5, 11, 89] 9
[2, 5, 11, 97] 5
[2, 5, 11, 101] 4
[2, 5, 11, 103] 3
[2, 5, 11, 107] 1
[2, 5, 11, 109] 0
[2, 5, 11] 321
[2, 5, 13, 37] 35
[2, 5, 13, 41] 21
[2, 5, 13, 43] 16
[2, 5, 13, 47] 10
[2, 5, 13, 53] 6
[2, 5, 13, 59] 2
[2, 5, 13, 61] 0
[2, 5, 13] 90
[2, 5, 17, 23] 31
[2, 5, 17, 29] 9
[2, 5, 17, 31] 6
[2, 5, 17, 37] 2
[2, 5, 17, 41] 0
[2, 5, 17] 48
[2, 5, 19, 23] 14
[2, 5, 19, 29] 5
[2, 5, 19, 31] 3
[2, 5, 19, 37] 0
[2, 5, 19] 22
[2, 5, 23, 29] 1
[2, 5, 23, 31] 0
[2, 5, 23] 1
[2, 5, 29, 31] 0
[2, 5, 29] 0
[2, 5] 482
[2, 7, 11, 17] 18
[2, 7, 11, 19] 10
[2, 7, 11, 23] 3
[2, 7, 11, 29] 0
[2, 7, 11] 31
[2, 7, 13, 17] 7
[2, 7, 13, 19] 3
[2, 7, 13, 23] 0
[2, 7, 13] 10
[2, 7, 17, 19] 0
[2, 7, 17] 0
[2, 7] 41
[2, 11, 13, 17] 0
[2, 11, 13] 0
[2, 11] 0
[2] 523
[3, 5, 7, 11] 71
[3, 5, 7, 13] 12
[3, 5, 7, 17] 3
[3, 5, 7, 19] 1
[3, 5, 7, 23] 0
[3, 5, 7] 87
[3, 5, 11, 13] 0
[3, 5, 11] 0
[3, 5] 87
[3, 7, 11, 13] 0
[3, 7, 11] 0
[3, 7] 0
[3] 87
[5, 7, 11, 13] 0
[5, 7, 11] 0
[5, 7] 0
[5] 0
[] 610
610
