([2, 5, 11, 53], [1, 1, 1, -1])
([2, 5, 11, 47], [1, 1, 1, -2])
([2, 5, 11, 43], [1, 1, 1, -3])
([2, 5, 11, 41], [1, 1, 1, -4])
([2, 5, 11, 37], [1, 1, 1, -5])
([2, 5, 11, 31], [1, 1, 1, -6])
([2, 5, 11, 29], [1, 1, 1, -7])
([2, 5, 11, 23], [1, 1, 1, -8])
([2, 5, 11, 19], [1, 1, 1, -9])
([2, 5, 11, 17], [1, 1, 1, -10])
([2, 5, 11, 13], [1, 1, 1, -11])
([2, 5, 13, 31], [1, 1, 2, -1])
([2, 5, 13, 29], [1, 1, 2, -2])
([2, 5, 13, 23], [1, 1, 2, -3])
([2, 5, 13, 19], [1, 1, 2, -4])
([2, 5, 13, 17], [1, 1, 2, -5])
([2, 5, 17, 19], [1, 1, 3, -1])
([2, 7, 11, 13], [1, 2, 2, -1])
