sage: sfpan(6,3,onlycount=True,proof=True, verbose=5)
[3, 5, 7, 11, 389] 3165
[3, 5, 7, 11, 397] 1331
[3, 5, 7, 11, 401] 1048
[3, 5, 7, 11, 409] 738
[3, 5, 7, 11, 419] 542
[3, 5, 7, 11, 421] 515
[3, 5, 7, 11, 431] 410
[3, 5, 7, 11, 433] 394
[3, 5, 7, 11, 439] 354
[3, 5, 7, 11, 443] 332
[3, 5, 7, 11, 449] 297
[3, 5, 7, 11, 457] 269
[3, 5, 7, 11, 461] 253
[3, 5, 7, 11, 463] 245
[3, 5, 7, 11, 467] 235
[3, 5, 7, 11, 479] 203
[3, 5, 7, 11, 487] 187
[3, 5, 7, 11, 491] 180
[3, 5, 7, 11, 499] 168
[3, 5, 7, 11, 503] 161
[3, 5, 7, 11, 509] 149
[3, 5, 7, 11, 521] 134
[3, 5, 7, 11, 523] 130
[3, 5, 7, 11, 541] 116
[3, 5, 7, 11, 547] 108
[3, 5, 7, 11, 557] 101
[3, 5, 7, 11, 563] 94
[3, 5, 7, 11, 569] 90
[3, 5, 7, 11, 571] 88
[3, 5, 7, 11, 577] 83
[3, 5, 7, 11, 587] 79
[3, 5, 7, 11, 593] 74
[3, 5, 7, 11, 599] 71
[3, 5, 7, 11, 601] 69
[3, 5, 7, 11, 607] 64
[3, 5, 7, 11, 613] 60
[3, 5, 7, 11, 617] 57
[3, 5, 7, 11, 619] 56
[3, 5, 7, 11, 631] 50
[3, 5, 7, 11, 641] 46
[3, 5, 7, 11, 643] 45
[3, 5, 7, 11, 647] 42
[3, 5, 7, 11, 653] 39
[3, 5, 7, 11, 659] 37
[3, 5, 7, 11, 661] 35
[3, 5, 7, 11, 673] 32
[3, 5, 7, 11, 677] 31
[3, 5, 7, 11, 683] 27
[3, 5, 7, 11, 691] 25
[3, 5, 7, 11, 701] 20
[3, 5, 7, 11, 709] 18
[3, 5, 7, 11, 719] 15
[3, 5, 7, 11, 727] 12
[3, 5, 7, 11, 733] 9
[3, 5, 7, 11, 739] 8
[3, 5, 7, 11, 743] 6
[3, 5, 7, 11, 751] 4
[3, 5, 7, 11, 757] 3
[3, 5, 7, 11, 761] 2
[3, 5, 7, 11, 769] 0
[3, 5, 7, 11] 13156
[3, 5, 7, 13, 67] 210
[3, 5, 7, 13, 71] 99
[3, 5, 7, 13, 73] 78
[3, 5, 7, 13, 79] 46
[3, 5, 7, 13, 83] 37
[3, 5, 7, 13, 89] 26
[3, 5, 7, 13, 97] 17
[3, 5, 7, 13, 101] 14
[3, 5, 7, 13, 103] 12
[3, 5, 7, 13, 107] 9
[3, 5, 7, 13, 109] 7
[3, 5, 7, 13, 113] 4
[3, 5, 7, 13, 127] 0
[3, 5, 7, 13] 559
[3, 5, 7, 17, 31] 212
[3, 5, 7, 17, 37] 27
[3, 5, 7, 17, 41] 17
[3, 5, 7, 17, 43] 13
[3, 5, 7, 17, 47] 8
[3, 5, 7, 17, 53] 4
[3, 5, 7, 17, 59] 1
[3, 5, 7, 17, 61] 0
[3, 5, 7, 17] 282
[3, 5, 7, 19, 29] 38
[3, 5, 7, 19, 31] 25
[3, 5, 7, 19, 37] 11
[3, 5, 7, 19, 41] 6
[3, 5, 7, 19, 43] 4
[3, 5, 7, 19, 47] 1
[3, 5, 7, 19, 53] 0
[3, 5, 7, 19] 85
[3, 5, 7, 23, 29] 11
[3, 5, 7, 23, 31] 7
[3, 5, 7, 23, 37] 3
[3, 5, 7, 23, 41] 1
[3, 5, 7, 23, 43] 0
[3, 5, 7, 23] 22
[3, 5, 7, 29, 31] 2
[3, 5, 7, 29, 37] 0
[3, 5, 7, 29] 2
[3, 5, 7, 31, 37] 0
[3, 5, 7, 31] 0
[3, 5, 7] 14106
[3, 5, 11, 13, 17] 39
[3, 5, 11, 13, 19] 16
[3, 5, 11, 13, 23] 6
[3, 5, 11, 13, 29] 1
[3, 5, 11, 13, 31] 0
[3, 5, 11, 13] 62
[3, 5, 11, 17, 19] 3
[3, 5, 11, 17, 23] 0
[3, 5, 11, 17] 3
[3, 5, 11, 19, 23] 0
[3, 5, 11, 19] 0
[3, 5, 11] 65
[3, 5, 13, 17, 19] 1
[3, 5, 13, 17, 23] 0
[3, 5, 13, 17] 1
[3, 5, 13, 19, 23] 0
[3, 5, 13, 19] 0
[3, 5, 13] 1
[3, 5, 17, 19, 23] 0
[3, 5, 17, 19] 0
[3, 5, 17] 0
[3, 5] 14172
[3, 7, 11, 13, 17] 0
[3, 7, 11, 13] 0
[3, 7, 11] 0
[3, 7] 0
[3] 14172
[5, 7, 11, 13, 17] 0
[5, 7, 11, 13] 0
[5, 7, 11] 0
[5, 7] 0
[5] 0
[] 14172
14172

