[3, 3, 3, 3, 3] 0 -- -- False
[3, 3, 3, 3, 5] 0 -- -- True
[3, 3, 3, 3, 7] 0 -- -- False
[3, 3, 3, 3] 0 -- -- True
[3, 3, 3, 5, 5] 1 7425 7425 True
[3, 3, 3, 5, 11] 4 28215 46035 True
[3, 3, 3, 5, 13] 2 29835 33345 True
[3, 3, 3, 5, 17] 0 -- -- False
[3, 3, 3, 5] 7 7425 46035 True
[3, 3, 3, 7, 7] 0 -- -- False
[3, 3, 3, 7, 11] 0 -- -- False
[3, 3, 3, 7] 0 -- -- False
[3, 3, 3] 7 7425 46035 True
[3, 3, 5, 5, 5] 0 -- -- True
[3, 3, 5, 5, 11] 6 47025 101475 True
[3, 3, 5, 5, 13] 3 49725 67275 True
[3, 3, 5, 5, 17] 0 -- -- False
[3, 3, 5, 5] 9 47025 101475 True
[3, 3, 5, 7, 107] 494 3673845 126022995 True
[3, 3, 5, 7, 109] 311 3879855 78524145 True
[3, 3, 5, 7, 113] 184 4520565 46522665 True
[3, 3, 5, 7, 127] 75 5240655 23082885 True
[3, 3, 5, 7, 131] 64 5653305 20756295 True
[3, 3, 5, 7, 137] 51 5998545 18686115 True
[3, 3, 5, 7, 139] 46 6523965 17908065 True
[3, 3, 5, 7, 149] 33 7087185 15817095 True
[3, 3, 5, 7, 151] 31 7467705 15744015 True
[3, 3, 5, 7, 157] 26 8061165 15182685 True
[3, 3, 5, 7, 163] 23 8574615 14530635 True
[3, 3, 5, 7, 167] 20 9100665 14571585 True
[3, 3, 5, 7, 173] 15 9754605 14005215 True
[3, 3, 5, 7, 179] 12 10205685 13588785 True
[3, 3, 5, 7, 181] 11 10889865 13740615 True
[3, 3, 5, 7, 191] 7 11611845 13777785 True
[3, 3, 5, 7, 193] 4 11976615 13557285 True
[3, 3, 5, 7, 197] 2 12348945 13093605 True
[3, 3, 5, 7, 199] 1 13226535 13226535 True
[3, 3, 5, 7, 211] 0 -- -- False
[3, 3, 5, 7] 1410 3673845 126022995 True
[3, 3, 5, 11, 11] 1 103455 103455 True
[3, 3, 5, 11, 19] 38 216315 1871595 True
[3, 3, 5, 11, 23] 12 330165 831105 True
[3, 3, 5, 11, 29] 4 445005 617265 True
[3, 3, 5, 11, 31] 1 567765 567765 True
[3, 3, 5, 11, 37] 0 -- -- False
[3, 3, 5, 11] 56 103455 1871595 True
[3, 3, 5, 13, 13] 0 -- -- False
[3, 3, 5, 13, 17] 16 188955 825435 True
[3, 3, 5, 13, 19] 8 255645 589095 True
[3, 3, 5, 13, 23] 3 390195 497835 True
[3, 3, 5, 13, 29] 0 -- -- False
[3, 3, 5, 13] 27 188955 825435 True
[3, 3, 5, 17, 17] 0 -- -- False
[3, 3, 5, 17, 19] 1 334305 334305 True
[3, 3, 5, 17, 23] 0 -- -- False
[3, 3, 5, 17] 1 334305 334305 True
[3, 3, 5, 19, 19] 0 -- -- False
[3, 3, 5, 19, 23] 0 -- -- False
[3, 3, 5, 19] 0 -- -- False
[3, 3, 5] 1503 47025 126022995 True
[3, 3, 7, 7, 7] 0 -- -- False
[3, 3, 7, 7, 11] 0 -- -- False
[3, 3, 7, 7] 0 -- -- False
[3, 3, 7, 11, 11] 0 -- -- False
[3, 3, 7, 11, 13] 5 153153 279279 True
[3, 3, 7, 11, 17] 1 223839 223839 True
[3, 3, 7, 11, 19] 0 -- -- False
[3, 3, 7, 11] 6 153153 279279 True
[3, 3, 7, 13, 13] 0 -- -- False
[3, 3, 7, 13, 17] 0 -- -- False
[3, 3, 7, 13] 0 -- -- False
[3, 3, 7] 6 153153 279279 True
[3, 3, 11, 11, 11] 0 -- -- False
[3, 3, 11, 11, 13] 0 -- -- False
[3, 3, 11, 11] 0 -- -- False
[3, 3, 11, 13, 13] 0 -- -- False
[3, 3, 11, 13, 17] 0 -- -- False
[3, 3, 11, 13] 0 -- -- False
[3, 3, 11] 0 -- -- False
[3, 3] 1516 7425 126022995 True
[3, 5, 5, 5, 5] 0 -- -- False
[3, 5, 5, 5, 7] 1 49875 49875 True
[3, 5, 5, 5, 11] 0 -- -- False
[3, 5, 5, 5] 1 49875 49875 True
[3, 5, 5, 7, 7] 2 69825 84525 True
[3, 5, 5, 7, 19] 32 289275 1785525 True
[3, 5, 5, 7, 23] 10 350175 809025 True
[3, 5, 5, 7, 29] 4 471975 654675 True
[3, 5, 5, 7, 31] 1 602175 602175 True
[3, 5, 5, 7, 37] 0 -- -- False
[3, 5, 5, 7] 49 69825 1785525 True
[3, 5, 5, 11, 11] 0 -- -- False
[3, 5, 5, 11, 13] 5 182325 332475 True
[3, 5, 5, 11, 17] 1 266475 266475 True
[3, 5, 5, 11, 19] 0 -- -- False
[3, 5, 5, 11] 6 182325 332475 True
[3, 5, 5, 13, 13] 0 -- -- False
[3, 5, 5, 13, 17] 0 -- -- False
[3, 5, 5, 13] 0 -- -- False
[3, 5, 5] 56 49875 1785525 True
[3, 5, 7, 7, 7] 0 -- -- True
[3, 5, 7, 7, 17] 9 387345 837165 True
[3, 5, 7, 7, 19] 6 404985 656355 True
[3, 5, 7, 7, 23] 2 490245 524055 True
[3, 5, 7, 7, 29] 0 -- -- False
[3, 5, 7, 7] 17 387345 837165 True
[3, 5, 7, 11, 389] 3165 178370115 13455037365 True
[3, 5, 7, 11, 397] 1331 183872535 5384576505 True
[3, 5, 7, 11, 401] 1048 189430395 4199426385 True
[3, 5, 7, 11, 409] 738 197933505 2969947365 True
[3, 5, 7, 11, 419] 542 203740845 2227598835 True
[3, 5, 7, 11, 421] 515 209575905 2126393115 True
[3, 5, 7, 11, 431] 410 215549565 1756753845 True
[3, 5, 7, 11, 433] 394 219550485 1695889965 True
[3, 5, 7, 11, 439] 354 224620935 1555107015 True
[3, 5, 7, 11, 443] 332 229737585 1477176855 True
[3, 5, 7, 11, 449] 297 236997915 1377906915 True
[3, 5, 7, 11, 457] 269 243331935 1266276165 True
[3, 5, 7, 11, 461] 253 246526665 1223049135 True
[3, 5, 7, 11, 463] 245 249735255 1203756015 True
[3, 5, 7, 11, 467] 235 258365415 1165610985 True
[3, 5, 7, 11, 479] 203 269430315 1069422585 True
[3, 5, 7, 11, 487] 187 276180135 1018660335 True
[3, 5, 7, 11, 491] 180 282985395 997537695 True
[3, 5, 7, 11, 499] 168 289901535 961919805 True
[3, 5, 7, 11, 503] 161 295711185 941744265 True
[3, 5, 7, 11, 509] 149 306293295 916528305 True
[3, 5, 7, 11, 521] 134 314717865 877960545 True
[3, 5, 7, 11, 523] 130 326799165 874082055 True
[3, 5, 7, 11, 541] 116 341795685 825433455 True
[3, 5, 7, 11, 547] 108 351904245 814370865 True
[3, 5, 7, 11, 557] 101 362197605 795805395 True
[3, 5, 7, 11, 563] 94 370000785 780968265 True
[3, 5, 7, 11, 569] 90 375258345 776147295 True
[3, 5, 7, 11, 571] 88 380534385 772280355 True
[3, 5, 7, 11, 577] 83 391197345 752405115 True
[3, 5, 7, 11, 587] 79 402045105 751885365 True
[3, 5, 7, 11, 593] 74 410264085 747242265 True
[3, 5, 7, 11, 599] 71 415798845 739582305 True
[3, 5, 7, 11, 601] 69 421352085 737886765 True
[3, 5, 7, 11, 607] 64 429765105 728427315 True
[3, 5, 7, 11, 613] 60 436845255 722883315 True
[3, 5, 7, 11, 617] 57 441121065 721899255 True
[3, 5, 7, 11, 619] 56 451130295 724239285 True
[3, 5, 7, 11, 631] 50 467164005 712042485 True
[3, 5, 7, 11, 641] 46 476048265 705558315 True
[3, 5, 7, 11, 643] 45 480504255 707759745 True
[3, 5, 7, 11, 647] 42 487977105 703195185 True
[3, 5, 7, 11, 653] 39 497027685 700665735 True
[3, 5, 7, 11, 659] 37 503116845 699492255 True
[3, 5, 7, 11, 661] 35 513805215 695507505 True
[3, 5, 7, 11, 673] 32 526242255 689478405 True
[3, 5, 7, 11, 677] 31 534061605 693576345 True
[3, 5, 7, 11, 683] 27 545105715 691834605 True
[3, 5, 7, 11, 691] 25 559471605 688764615 True
[3, 5, 7, 11, 701] 20 574045395 679300545 True
[3, 5, 7, 11, 709] 18 588785505 678863955 True
[3, 5, 7, 11, 719] 15 603733515 683456235 True
[3, 5, 7, 11, 727] 12 615489105 680984535 True
[3, 5, 7, 11, 733] 9 625648485 674752155 True
[3, 5, 7, 11, 739] 8 634183935 680275365 True
[3, 5, 7, 11, 743] 6 644481915 675375855 True
[3, 5, 7, 11, 751] 4 656625585 670504065 True
[3, 5, 7, 11, 757] 3 665368935 675860955 True
[3, 5, 7, 11, 761] 2 675916395 679432215 True
[3, 5, 7, 11, 769] 0 -- -- False
[3, 5, 7, 11] 13156 178370115 13455037365 True
[3, 5, 7, 13, 13] 7 1188915 1721265 True
[3, 5, 7, 13, 67] 210 6493305 132335385 True
[3, 5, 7, 13, 71] 99 7074795 63285495 True
[3, 5, 7, 13, 73] 78 7871955 52114335 True
[3, 5, 7, 13, 79] 46 8950305 36340395 True
[3, 5, 7, 13, 83] 37 10083255 31835895 True
[3, 5, 7, 13, 89] 26 11784045 27820065 True
[3, 5, 7, 13, 97] 17 13372905 23965305 True
[3, 5, 7, 13, 101] 14 14200095 23850645 True
[3, 5, 7, 13, 103] 12 15043665 23479365 True
[3, 5, 7, 13, 107] 9 15919995 22930635 True
[3, 5, 7, 13, 109] 7 16812705 22466535 True
[3, 5, 7, 13, 113] 4 19589115 21440055 True
[3, 5, 7, 13, 127] 0 -- -- False
[3, 5, 7, 13] 566 1188915 132335385 True
[3, 5, 7, 17, 17] 1 940695 940695 True
[3, 5, 7, 17, 31] 213 1715385 77967015 True
[3, 5, 7, 17, 37] 27 2707845 11029515 True
[3, 5, 7, 17, 41] 17 3146955 8269905 True
[3, 5, 7, 17, 43] 13 3607485 7905765 True
[3, 5, 7, 17, 47] 8 4446435 6963285 True
[3, 5, 7, 17, 53] 4 5581695 6716955 True
[3, 5, 7, 17, 59] 1 6424215 6424215 True
[3, 5, 7, 17, 61] 0 -- -- False
[3, 5, 7, 17] 284 940695 77967015 True
[3, 5, 7, 19, 19] 0 -- -- True
[3, 5, 7, 19, 29] 38 1793505 12901665 True
[3, 5, 7, 19, 31] 25 2288265 9338595 True
[3, 5, 7, 19, 37] 11 3026415 6126645 True
[3, 5, 7, 19, 41] 6 3517185 5480265 True
[3, 5, 7, 19, 43] 4 4031895 5232885 True
[3, 5, 7, 19, 47] 1 4969545 4969545 True
[3, 5, 7, 19, 53] 0 -- -- False
[3, 5, 7, 19] 85 1793505 12901665 True
[3, 5, 7, 23, 23] 0 -- -- False
[3, 5, 7, 23, 29] 11 2171085 5112555 True
[3, 5, 7, 23, 31] 7 2770005 4566765 True
[3, 5, 7, 23, 37] 3 3663555 4199685 True
[3, 5, 7, 23, 41] 1 4257645 4257645 True
[3, 5, 7, 23, 43] 0 -- -- False
[3, 5, 7, 23] 22 2171085 5112555 True
[3, 5, 7, 29, 29] 0 -- -- False
[3, 5, 7, 29, 31] 2 3492615 3870195 True
[3, 5, 7, 29, 37] 0 -- -- False
[3, 5, 7, 29] 2 3492615 3870195 True
[3, 5, 7, 31, 31] 0 -- -- False
[3, 5, 7, 31, 37] 0 -- -- False
[3, 5, 7, 31] 0 -- -- False
[3, 5, 7] 14132 387345 13455037365 True
[3, 5, 11, 11, 11] 0 -- -- False
[3, 5, 11, 11, 13] 1 401115 401115 True
[3, 5, 11, 11, 17] 0 -- -- False
[3, 5, 11, 11] 1 401115 401115 True
[3, 5, 11, 13, 13] 1 474045 474045 True
[3, 5, 11, 13, 17] 39 692835 7256535 True
[3, 5, 11, 13, 19] 16 937365 3627195 True
[3, 5, 11, 13, 23] 6 1430715 2318745 True
[3, 5, 11, 13, 29] 1 1928355 1928355 True
[3, 5, 11, 13, 31] 0 -- -- False
[3, 5, 11, 13] 63 474045 7256535 True
[3, 5, 11, 17, 17] 0 -- -- False
[3, 5, 11, 17, 19] 3 1225785 1652145 True
[3, 5, 11, 17, 23] 0 -- -- False
[3, 5, 11, 17] 3 1225785 1652145 True
[3, 5, 11, 19, 19] 0 -- -- False
[3, 5, 11, 19, 23] 0 -- -- False
[3, 5, 11, 19] 0 -- -- False
[3, 5, 11] 67 401115 7256535 True
[3, 5, 13, 13, 13] 0 -- -- False
[3, 5, 13, 13, 17] 0 -- -- False
[3, 5, 13, 13] 0 -- -- False
[3, 5, 13, 17, 17] 0 -- -- False
[3, 5, 13, 17, 19] 1 1448655 1448655 True
[3, 5, 13, 17, 23] 0 -- -- False
[3, 5, 13, 17] 1 1448655 1448655 True
[3, 5, 13, 19, 19] 0 -- -- False
[3, 5, 13, 19, 23] 0 -- -- False
[3, 5, 13, 19] 0 -- -- False
[3, 5, 13] 1 1448655 1448655 True
[3, 5, 17, 17, 17] 0 -- -- False
[3, 5, 17, 17, 19] 0 -- -- False
[3, 5, 17, 17] 0 -- -- False
[3, 5, 17, 19, 19] 0 -- -- False
[3, 5, 17, 19, 23] 0 -- -- False
[3, 5, 17, 19] 0 -- -- False
[3, 5, 17] 0 -- -- False
[3, 5] 14256 49875 13455037365 True
[3, 7, 7, 7, 7] 0 -- -- False
[3, 7, 7, 7, 11] 0 -- -- False
[3, 7, 7, 7] 0 -- -- False
[3, 7, 7, 11, 11] 0 -- -- False
[3, 7, 7, 11, 13] 0 -- -- False
[3, 7, 7, 11] 0 -- -- False
[3, 7, 7] 0 -- -- False
[3, 7, 11, 11, 11] 0 -- -- False
[3, 7, 11, 11, 13] 0 -- -- False
[3, 7, 11, 11] 0 -- -- False
[3, 7, 11, 13, 13] 0 -- -- False
[3, 7, 11, 13, 17] 0 -- -- False
[3, 7, 11, 13] 0 -- -- False
[3, 7, 11] 0 -- -- False
[3, 7] 0 -- -- False
[3] 15772 7425 13455037365 True
[5, 5, 5, 5, 5] 0 -- -- False
[5, 5, 5, 5, 7] 0 -- -- False
[5, 5, 5, 5] 0 -- -- False
[5, 5, 5, 7, 7] 0 -- -- False
[5, 5, 5, 7, 11] 0 -- -- False
[5, 5, 5, 7] 0 -- -- False
[5, 5, 5] 0 -- -- False
[5, 5, 7, 7, 7] 0 -- -- False
[5, 5, 7, 7, 11] 0 -- -- False
[5, 5, 7, 7] 0 -- -- False
[5, 5, 7, 11, 11] 0 -- -- False
[5, 5, 7, 11, 13] 0 -- -- False
[5, 5, 7, 11] 0 -- -- False
[5, 5, 7] 0 -- -- False
[5, 5] 0 -- -- False
[5, 7, 7, 7, 7] 0 -- -- False
[5, 7, 7, 7, 11] 0 -- -- False
[5, 7, 7, 7] 0 -- -- False
[5, 7, 7, 11, 11] 0 -- -- False
[5, 7, 7, 11, 13] 0 -- -- False
[5, 7, 7, 11] 0 -- -- False
[5, 7, 7] 0 -- -- False
[5, 7, 11, 11, 11] 0 -- -- False
[5, 7, 11, 11, 13] 0 -- -- False
[5, 7, 11, 11] 0 -- -- False
[5, 7, 11, 13, 13] 0 -- -- False
[5, 7, 11, 13, 17] 0 -- -- False
[5, 7, 11, 13] 0 -- -- False
[5, 7, 11] 0 -- -- False
[5, 7] 0 -- -- False
[5] 0 -- -- False
[] 15772 7425 13455037365 True
