[2, 2, 2, 2] 4 272 464 True
[2, 2, 2, 17] 25 2584 17816 True
[2, 2, 2, 19] 13 3496 11096 True
[2, 2, 2, 23] 5 5336 7912 True
[2, 2, 2, 29] 1 7192 7192 True
[2, 2, 2, 31] 0 -- -- False
[2, 2, 2] 48 272 17816 True
[2, 2, 11, 11] 1 11132 11132 True
[2, 2, 11, 23] 45 29348 254012 True
[2, 2, 11, 29] 11 39556 93148 True
[2, 2, 11, 31] 8 50468 91388 True
[2, 2, 11, 37] 3 66748 76516 True
[2, 2, 11, 41] 1 77572 77572 True
[2, 2, 11, 43] 0 -- -- False
[2, 2, 11] 69 11132 254012 True
[2, 2, 13, 13] 1 11492 11492 True
[2, 2, 13, 17] 79 15028 388076 True
[2, 2, 13, 19] 22 22724 111644 True
[2, 2, 13, 23] 7 34684 63388 True
[2, 2, 13, 29] 2 46748 55796 True
[2, 2, 13, 31] 0 -- -- False
[2, 2, 13] 111 11492 388076 True
[2, 2, 17, 17] 0 -- -- False
[2, 2, 17, 19] 4 29716 47804 True
[2, 2, 17, 23] 1 45356 45356 True
[2, 2, 17, 29] 0 -- -- False
[2, 2, 17] 5 29716 47804 True
[2, 2, 19, 19] 0 -- -- False
[2, 2, 19, 23] 0 -- -- False
[2, 2, 19] 0 -- -- False
[2, 2] 233 272 388076 True
[2, 5, 5, 5] 0 -- -- True
[2, 5, 5, 17] 10 19550 51850 True
[2, 5, 5, 19] 6 21850 40850 True
[2, 5, 5, 23] 2 33350 35650 True
[2, 5, 5, 29] 0 -- -- False
[2, 5, 5] 18 19550 51850 True
[2, 5, 11, 11] 8 71390 107690 True
[2, 5, 11, 59] 101 395890 4199030 True
[2, 5, 11, 61] 73 449570 3133570 True
[2, 5, 11, 67] 41 523270 2070970 True
[2, 5, 11, 71] 29 570130 1772870 True
[2, 5, 11, 73] 25 634370 1597970 True
[2, 5, 11, 79] 17 721270 1451230 True
[2, 5, 11, 83] 13 812570 1378630 True
[2, 5, 11, 89] 9 949630 1341230 True
[2, 5, 11, 97] 5 1077670 1205710 True
[2, 5, 11, 101] 4 1144330 1255430 True
[2, 5, 11, 103] 3 1212310 1280290 True
[2, 5, 11, 107] 1 1282930 1282930 True
[2, 5, 11, 109] 0 -- -- False
[2, 5, 11] 329 71390 4199030 True
[2, 5, 13, 13] 1 62530 62530 True
[2, 5, 13, 37] 35 197210 1014910 True
[2, 5, 13, 41] 21 229190 740870 True
[2, 5, 13, 43] 16 262730 631670 True
[2, 5, 13, 47] 10 323830 592670 True
[2, 5, 13, 53] 6 406510 544310 True
[2, 5, 13, 59] 2 467870 513890 True
[2, 5, 13, 61] 0 -- -- False
[2, 5, 13] 91 62530 1014910 True
[2, 5, 17, 17] 0 -- -- True
[2, 5, 17, 23] 31 113390 676430 True
[2, 5, 17, 29] 9 152830 330310 True
[2, 5, 17, 31] 6 194990 310930 True
[2, 5, 17, 37] 2 257890 270470 True
[2, 5, 17, 41] 0 -- -- False
[2, 5, 17] 48 113390 676430 True
[2, 5, 19, 19] 0 -- -- False
[2, 5, 19, 23] 14 126730 362710 True
[2, 5, 19, 29] 5 170810 258970 True
[2, 5, 19, 31] 3 217930 253270 True
[2, 5, 19, 37] 0 -- -- False
[2, 5, 19] 22 126730 362710 True
[2, 5, 23, 23] 0 -- -- False
[2, 5, 23, 29] 1 206770 206770 True
[2, 5, 23, 31] 0 -- -- False
[2, 5, 23] 1 206770 206770 True
[2, 5, 29, 29] 0 -- -- False
[2, 5, 29, 31] 0 -- -- False
[2, 5, 29] 0 -- -- False
[2, 5] 509 19550 4199030 True
[2, 7, 7, 7] 0 -- -- False
[2, 7, 7, 11] 2 18326 20482 True
[2, 7, 7, 13] 0 -- -- False
[2, 7, 7] 2 18326 20482 True
[2, 7, 11, 11] 0 -- -- True
[2, 7, 11, 17] 18 49742 253946 True
[2, 7, 11, 19] 10 67298 178486 True
[2, 7, 11, 23] 3 102718 131054 True
[2, 7, 11, 29] 0 -- -- False
[2, 7, 11] 31 49742 253946 True
[2, 7, 13, 13] 0 -- -- False
[2, 7, 13, 17] 7 58786 133042 True
[2, 7, 13, 19] 3 79534 107198 True
[2, 7, 13, 23] 0 -- -- False
[2, 7, 13] 10 58786 133042 True
[2, 7, 17, 17] 0 -- -- False
[2, 7, 17, 19] 0 -- -- False
[2, 7, 17] 0 -- -- False
[2, 7] 43 18326 253946 True
[2, 11, 11, 11] 0 -- -- False
[2, 11, 11, 13] 0 -- -- False
[2, 11, 11] 0 -- -- False
[2, 11, 13, 13] 0 -- -- False
[2, 11, 13, 17] 0 -- -- False
[2, 11, 13] 0 -- -- False
[2, 11] 0 -- -- False
[2] 785 272 4199030 True
[3, 3, 3, 3] 0 -- -- False
[3, 3, 3, 5] 1 945 945 True
[3, 3, 3, 7] 0 -- -- False
[3, 3, 3] 1 945 945 True
[3, 3, 5, 5] 1 1575 1575 True
[3, 3, 5, 7] 24 2205 32445 True
[3, 3, 5, 11] 2 6435 8415 True
[3, 3, 5, 13] 0 -- -- False
[3, 3, 5] 27 1575 32445 True
[3, 3, 7, 7] 0 -- -- False
[3, 3, 7, 11] 0 -- -- False
[3, 3, 7] 0 -- -- False
[3, 3] 28 945 32445 True
[3, 5, 5, 5] 0 -- -- False
[3, 5, 5, 7] 3 5775 8925 True
[3, 5, 5, 11] 0 -- -- False
[3, 5, 5] 3 5775 8925 True
[3, 5, 7, 7] 2 8085 9555 True
[3, 5, 7, 11] 72 12705 442365 True
[3, 5, 7, 13] 12 23205 83265 True
[3, 5, 7, 17] 3 33915 51765 True
[3, 5, 7, 19] 1 45885 45885 True
[3, 5, 7, 23] 0 -- -- False
[3, 5, 7] 90 8085 442365 True
[3, 5, 11, 11] 0 -- -- False
[3, 5, 11, 13] 0 -- -- False
[3, 5, 11] 0 -- -- False
[3, 5] 93 5775 442365 True
[3, 7, 7, 7] 0 -- -- False
[3, 7, 7, 11] 0 -- -- False
[3, 7, 7] 0 -- -- False
[3, 7, 11, 11] 0 -- -- False
[3, 7, 11, 13] 0 -- -- False
[3, 7, 11] 0 -- -- False
[3, 7] 0 -- -- False
[3] 121 945 442365 True
[5, 5, 5, 5] 0 -- -- False
[5, 5, 5, 7] 0 -- -- False
[5, 5, 5] 0 -- -- False
[5, 5, 7, 7] 0 -- -- False
[5, 5, 7, 11] 0 -- -- False
[5, 5, 7] 0 -- -- False
[5, 5] 0 -- -- False
[5, 7, 7, 7] 0 -- -- False
[5, 7, 7, 11] 0 -- -- False
[5, 7, 7] 0 -- -- False
[5, 7, 11, 11] 0 -- -- False
[5, 7, 11, 13] 0 -- -- False
[5, 7, 11] 0 -- -- False
[5, 7] 0 -- -- False
[5] 0 -- -- False
[] 906 272 4199030 True
