[2, 2, 2, 2, 2] 7 1184 1952 True
[2, 2, 2, 2, 37] 32 24272 114256 True
[2, 2, 2, 2, 41] 18 28208 83312 True
[2, 2, 2, 2, 43] 16 32336 77744 True
[2, 2, 2, 2, 47] 9 39856 66928 True
[2, 2, 2, 2, 53] 5 50032 61904 True
[2, 2, 2, 2, 59] 1 57584 57584 True
[2, 2, 2, 2, 61] 0 -- -- False
[2, 2, 2, 2] 88 1184 114256 True
[2, 2, 2, 17, 17] 21 316744 557192 True
[2, 2, 2, 17, 137] 1119 2589848 173482552 True
[2, 2, 2, 17, 139] 603 2816696 89283592 True
[2, 2, 2, 17, 149] 193 3059864 29159896 True
[2, 2, 2, 17, 151] 171 3224152 26265544 True
[2, 2, 2, 17, 157] 126 3480376 20647384 True
[2, 2, 2, 17, 163] 100 3702056 17446216 True
[2, 2, 2, 17, 167] 87 3929176 15921112 True
[2, 2, 2, 17, 173] 73 4211512 14516776 True
[2, 2, 2, 17, 179] 60 4406264 13316168 True
[2, 2, 2, 17, 181] 57 4701656 12874168 True
[2, 2, 2, 17, 191] 46 5013368 11974936 True
[2, 2, 2, 17, 193] 43 5170856 11785352 True
[2, 2, 2, 17, 197] 38 5331608 11547352 True
[2, 2, 2, 17, 199] 36 5710504 11393944 True
[2, 2, 2, 17, 211] 27 6399208 10703608 True
[2, 2, 2, 17, 223] 20 6884456 10220536 True
[2, 2, 2, 17, 227] 18 7069688 10218632 True
[2, 2, 2, 17, 229] 16 7256552 9872648 True
[2, 2, 2, 17, 233] 15 7573432 10045096 True
[2, 2, 2, 17, 239] 12 7833464 10108744 True
[2, 2, 2, 17, 241] 10 8226776 10062232 True
[2, 2, 2, 17, 251] 8 8772952 10001848 True
[2, 2, 2, 17, 257] 6 9192376 9891416 True
[2, 2, 2, 17, 263] 3 9621592 9907736 True
[2, 2, 2, 17, 269] 1 9914264 9914264 True
[2, 2, 2, 17, 271] 0 -- -- False
[2, 2, 2, 17] 2909 316744 173482552 True
[2, 2, 2, 19, 19] 3 228152 257032 True
[2, 2, 2, 19, 79] 217 996664 17999992 True
[2, 2, 2, 19, 83] 115 1122824 9928792 True
[2, 2, 2, 19, 89] 68 1312216 6479912 True
[2, 2, 2, 19, 97] 42 1489144 4880264 True
[2, 2, 2, 19, 101] 36 1581256 4498136 True
[2, 2, 2, 19, 103] 32 1675192 4336712 True
[2, 2, 2, 19, 107] 26 1772776 4082264 True
[2, 2, 2, 19, 109] 24 1872184 3992888 True
[2, 2, 2, 19, 113] 18 2181352 3830248 True
[2, 2, 2, 19, 127] 11 2528824 3494024 True
[2, 2, 2, 19, 131] 8 2727944 3444776 True
[2, 2, 2, 19, 137] 5 2894536 3394312 True
[2, 2, 2, 19, 139] 4 3148072 3443864 True
[2, 2, 2, 19, 149] 1 3419848 3419848 True
[2, 2, 2, 19, 151] 0 -- -- False
[2, 2, 2, 19] 610 228152 17999992 True
[2, 2, 2, 23, 23] 1 198904 198904 True
[2, 2, 2, 23, 47] 165 458344 9244712 True
[2, 2, 2, 23, 53] 46 575368 2857336 True
[2, 2, 2, 23, 59] 26 662216 2073496 True
[2, 2, 2, 23, 61] 22 752008 1941752 True
[2, 2, 2, 23, 67] 15 875288 1713592 True
[2, 2, 2, 23, 71] 10 953672 1476232 True
[2, 2, 2, 23, 73] 9 1061128 1517816 True
[2, 2, 2, 23, 79] 5 1206488 1497208 True
[2, 2, 2, 23, 83] 2 1359208 1481384 True
[2, 2, 2, 23, 89] 0 -- -- False
[2, 2, 2, 23] 301 198904 9244712 True
[2, 2, 2, 29, 29] 0 -- -- True
[2, 2, 2, 29, 37] 42 351944 2154584 True
[2, 2, 2, 29, 41] 23 409016 1436312 True
[2, 2, 2, 29, 43] 17 468872 1266952 True
[2, 2, 2, 29, 47] 12 577912 1123112 True
[2, 2, 2, 29, 53] 7 725464 1020568 True
[2, 2, 2, 29, 59] 3 834968 971848 True
[2, 2, 2, 29, 61] 1 948184 948184 True
[2, 2, 2, 29, 67] 0 -- -- False
[2, 2, 2, 29] 105 351944 2154584 True
[2, 2, 2, 31, 31] 0 -- -- False
[2, 2, 2, 31, 37] 25 376216 1440632 True
[2, 2, 2, 31, 41] 17 437224 1148984 True
[2, 2, 2, 31, 43] 12 501208 1077064 True
[2, 2, 2, 31, 47] 8 617768 967448 True
[2, 2, 2, 31, 53] 3 775496 880648 True
[2, 2, 2, 31, 59] 1 892552 892552 True
[2, 2, 2, 31, 61] 0 -- -- False
[2, 2, 2, 31] 66 376216 1440632 True
[2, 2, 2, 37, 37] 0 -- -- False
[2, 2, 2, 37, 41] 7 521848 861656 True
[2, 2, 2, 37, 43] 4 598216 776408 True
[2, 2, 2, 37, 47] 1 737336 737336 True
[2, 2, 2, 37, 53] 0 -- -- False
[2, 2, 2, 37] 12 521848 861656 True
[2, 2, 2, 41, 41] 0 -- -- False
[2, 2, 2, 41, 43] 2 662888 747512 True
[2, 2, 2, 41, 47] 0 -- -- False
[2, 2, 2, 41] 2 662888 747512 True
[2, 2, 2, 43, 43] 0 -- -- False
[2, 2, 2, 43, 47] 0 -- -- False
[2, 2, 2, 43] 0 -- -- False
[2, 2, 2] 4093 1184 173482552 True
[2, 2, 11, 11, 11] 0 -- -- True
[2, 2, 11, 11, 29] 23 1108844 2708948 True
[2, 2, 11, 11, 31] 14 1065284 2055548 True
[2, 2, 11, 11, 37] 7 949124 1414732 True
[2, 2, 11, 11, 41] 4 932668 1210484 True
[2, 2, 11, 11, 43] 4 978164 1269532 True
[2, 2, 11, 11, 47] 1 1205644 1205644 True
[2, 2, 11, 11, 53] 0 -- -- False
[2, 2, 11, 11] 53 932668 2708948 True
[2, 2, 11, 23, 23] 36 5981932 10776788 True
[2, 2, 11, 23, 257] 1494 68402092 3381872252 True
[2, 2, 11, 23, 263] 733 71595964 1609445332 True
[2, 2, 11, 23, 269] 494 73773788 1089184228 True
[2, 2, 11, 23, 271] 446 75967804 989226964 True
[2, 2, 11, 23, 277] 349 78771044 785187524 True
[2, 2, 11, 23, 281] 303 80477276 695858284 True
[2, 2, 11, 23, 283] 281 83914028 657851612 True
[2, 2, 11, 23, 293] 217 91030412 534025316 True
[2, 2, 11, 23, 307] 160 96622724 437753756 True
[2, 2, 11, 23, 311] 153 98511116 417649364 True
[2, 2, 11, 23, 313] 146 100411652 410832532 True
[2, 2, 11, 23, 317] 136 106186124 394909724 True
[2, 2, 11, 23, 331] 110 112885564 352055572 True
[2, 2, 11, 23, 337] 100 118342268 340020868 True
[2, 2, 11, 23, 347] 88 122556236 322719716 True
[2, 2, 11, 23, 349] 85 124675364 320341516 True
[2, 2, 11, 23, 353] 82 128247724 315439388 True
[2, 2, 11, 23, 359] 74 133334036 304815412 True
[2, 2, 11, 23, 367] 66 138533692 296008988 True
[2, 2, 11, 23, 373] 63 143063404 291788948 True
[2, 2, 11, 23, 379] 58 146898884 288044548 True
[2, 2, 11, 23, 383] 54 150774844 284107868 True
[2, 2, 11, 23, 389] 50 156286196 279110612 True
[2, 2, 11, 23, 397] 47 161107364 277618924 True
[2, 2, 11, 23, 401] 44 165977108 274734724 True
[2, 2, 11, 23, 409] 39 173427452 270281924 True
[2, 2, 11, 23, 419] 34 178515788 267561668 True
[2, 2, 11, 23, 421] 32 183628412 263726188 True
[2, 2, 11, 23, 431] 28 188862476 264756404 True
[2, 2, 11, 23, 433] 26 192368044 263355796 True
[2, 2, 11, 23, 439] 22 196810724 260785316 True
[2, 2, 11, 23, 443] 20 201293884 258678332 True
[2, 2, 11, 23, 449] 18 207655316 259455548 True
[2, 2, 11, 23, 457] 15 213205124 260378492 True
[2, 2, 11, 23, 461] 13 216004316 259858324 True
[2, 2, 11, 23, 463] 11 218815652 256300132 True
[2, 2, 11, 23, 467] 10 226377316 258514388 True
[2, 2, 11, 23, 479] 7 236072276 253523204 True
[2, 2, 11, 23, 487] 6 241986404 257757412 True
[2, 2, 11, 23, 491] 3 247949108 252918028 True
[2, 2, 11, 23, 499] 2 254008964 257038892 True
[2, 2, 11, 23, 503] 0 -- -- False
[2, 2, 11, 23] 6155 5981932 3381872252 True
[2, 2, 11, 29, 29] 2 2923316 3071332 True
[2, 2, 11, 29, 79] 2760 7963516 2539151956 True
[2, 2, 11, 29, 83] 222 9425812 164475124 True
[2, 2, 11, 29, 89] 101 11015708 78472724 True
[2, 2, 11, 29, 97] 57 12500972 52108012 True
[2, 2, 11, 29, 101] 46 13274228 46266484 True
[2, 2, 11, 29, 103] 41 14062796 44291236 True
[2, 2, 11, 29, 107] 34 14881988 40003876 True
[2, 2, 11, 29, 109] 32 15716492 39360772 True
[2, 2, 11, 29, 113] 25 18311876 37056316 True
[2, 2, 11, 29, 127] 15 21228812 32248348 True
[2, 2, 11, 29, 131] 13 22900372 32929732 True
[2, 2, 11, 29, 137] 9 24298868 31640972 True
[2, 2, 11, 29, 139] 8 26427236 32102884 True
[2, 2, 11, 29, 149] 4 28708724 31750708 True
[2, 2, 11, 29, 151] 2 30250132 31406188 True
[2, 2, 11, 29, 157] 0 -- -- False
[2, 2, 11, 29] 3371 2923316 2539151956 True
[2, 2, 11, 31, 31] 1 3002164 3002164 True
[2, 2, 11, 31, 71] 185 7069612 121926596 True
[2, 2, 11, 31, 73] 127 7866188 85333204 True
[2, 2, 11, 31, 79] 65 8943748 48382444 True
[2, 2, 11, 31, 83] 48 10075868 39963836 True
[2, 2, 11, 31, 89] 35 11775412 33626692 True
[2, 2, 11, 31, 97] 22 13363108 27916988 True
[2, 2, 11, 31, 101] 20 14189692 27415036 True
[2, 2, 11, 31, 103] 17 15032644 27114956 True
[2, 2, 11, 31, 107] 14 15908332 26416588 True
[2, 2, 11, 31, 109] 11 16800388 25720948 True
[2, 2, 11, 31, 113] 9 19574764 25740044 True
[2, 2, 11, 31, 127] 3 22692868 24078692 True
[2, 2, 11, 31, 131] 2 24479708 24837076 True
[2, 2, 11, 31, 137] 0 -- -- False
[2, 2, 11, 31] 559 3002164 121926596 True
[2, 2, 11, 37, 37] 0 -- -- True
[2, 2, 11, 37, 53] 133 5090756 74117956 True
[2, 2, 11, 37, 59] 49 5859172 30448484 True
[2, 2, 11, 37, 61] 41 6653636 27508316 True
[2, 2, 11, 37, 67] 26 7744396 21487972 True
[2, 2, 11, 37, 71] 19 8437924 19303196 True
[2, 2, 11, 37, 73] 16 9388676 18658508 True
[2, 2, 11, 37, 79] 10 10674796 16848172 True
[2, 2, 11, 37, 83] 7 12026036 15269012 True
[2, 2, 11, 37, 89] 6 14054524 16372796 True
[2, 2, 11, 37, 97] 2 15949516 16265348 True
[2, 2, 11, 37, 101] 0 -- -- False
[2, 2, 11, 37] 309 5090756 74117956 True
[2, 2, 11, 41, 41] 0 -- -- True
[2, 2, 11, 41, 47] 114 4493764 61640876 True
[2, 2, 11, 41, 53] 40 5641108 25145956 True
[2, 2, 11, 41, 59] 23 6492596 18413428 True
[2, 2, 11, 41, 61] 19 7372948 17276908 True
[2, 2, 11, 41, 67] 12 8581628 15350236 True
[2, 2, 11, 41, 71] 10 9350132 14473492 True
[2, 2, 11, 41, 73] 8 10403668 14354428 True
[2, 2, 11, 41, 79] 4 11828828 14394116 True
[2, 2, 11, 41, 83] 1 13326148 13326148 True
[2, 2, 11, 41, 89] 0 -- -- False
[2, 2, 11, 41] 231 4493764 61640876 True
[2, 2, 11, 43, 43] 0 -- -- False
[2, 2, 11, 43, 47] 64 4712972 35658524 True
[2, 2, 11, 43, 53] 30 5916284 19954924 True
[2, 2, 11, 43, 59] 17 6809308 15516292 True
[2, 2, 11, 43, 61] 15 7732604 15811444 True
[2, 2, 11, 43, 67] 11 9000244 14324332 True
[2, 2, 11, 43, 71] 7 9806236 13836196 True
[2, 2, 11, 43, 73] 4 10911164 13397252 True
[2, 2, 11, 43, 79] 2 12405844 13302652 True
[2, 2, 11, 43, 83] 0 -- -- False
[2, 2, 11, 43] 150 4712972 35658524 True
[2, 2, 11, 47, 47] 0 -- -- False
[2, 2, 11, 47, 53] 18 6466636 15234956 True
[2, 2, 11, 47, 59] 13 7442732 13787356 True
[2, 2, 11, 47, 61] 10 8451916 13497836 True
[2, 2, 11, 47, 67] 5 9837476 12331484 True
[2, 2, 11, 47, 71] 3 10718444 12186724 True
[2, 2, 11, 47, 73] 2 11926156 12530012 True
[2, 2, 11, 47, 79] 0 -- -- False
[2, 2, 11, 47] 51 6466636 15234956 True
[2, 2, 11, 53, 53] 0 -- -- False
[2, 2, 11, 53, 59] 7 8392868 12245332 True
[2, 2, 11, 53, 61] 5 9530884 11806916 True
[2, 2, 11, 53, 67] 2 11093324 11405812 True
[2, 2, 11, 53, 71] 0 -- -- False
[2, 2, 11, 53] 14 8392868 12245332 True
[2, 2, 11, 59, 59] 0 -- -- False
[2, 2, 11, 59, 61] 3 10609852 11559988 True
[2, 2, 11, 59, 67] 0 -- -- False
[2, 2, 11, 59] 3 10609852 11559988 True
[2, 2, 11, 61, 61] 0 -- -- False
[2, 2, 11, 61, 67] 0 -- -- False
[2, 2, 11, 61] 0 -- -- False
[2, 2, 11] 10896 932668 3381872252 True
[2, 2, 13, 13, 13] 0 -- -- True
[2, 2, 13, 13, 19] 44 1631188 4790812 True
[2, 2, 13, 13, 23] 7 917332 1290484 True
[2, 2, 13, 13, 29] 3 803764 921388 True
[2, 2, 13, 13, 31] 3 775372 901108 True
[2, 2, 13, 13, 37] 0 -- -- False
[2, 2, 13, 13] 57 775372 4790812 True
[2, 2, 13, 17, 443] 9324 175833788 38332157396 True
[2, 2, 13, 17, 449] 2656 181390612 9843119884 True
[2, 2, 13, 17, 457] 1420 186238468 5097924572 True
[2, 2, 13, 17, 461] 1162 188683612 4149001844 True
[2, 2, 13, 17, 463] 1061 191139364 3803550556 True
[2, 2, 13, 17, 467] 912 197744612 3276615836 True
[2, 2, 13, 17, 479] 643 206213332 2358115084 True
[2, 2, 13, 17, 487] 539 211379428 2011763884 True
[2, 2, 13, 17, 491] 499 216587956 1883316916 True
[2, 2, 13, 17, 499] 433 221881348 1674917452 True
[2, 2, 13, 17, 503] 406 226327868 1593188116 True
[2, 2, 13, 17, 509] 368 234427076 1488004492 True
[2, 2, 13, 17, 521] 318 240874972 1317673604 True
[2, 2, 13, 17, 523] 310 250121612 1295916596 True
[2, 2, 13, 17, 541] 255 261599468 1142524916 True
[2, 2, 13, 17, 547] 237 269336236 1099104604 True
[2, 2, 13, 17, 557] 217 277214444 1040415844 True
[2, 2, 13, 17, 563] 205 283186748 1009817068 True
[2, 2, 13, 17, 569] 193 287210716 981345196 True
[2, 2, 13, 17, 571] 190 291248828 975708812 True
[2, 2, 13, 17, 577] 181 299409916 955357364 True
[2, 2, 13, 17, 587] 167 307712444 912759172 True
[2, 2, 13, 17, 593] 161 314002988 903217276 True
[2, 2, 13, 17, 599] 154 318239116 883762204 True
[2, 2, 13, 17, 601] 150 322489388 880337588 True
[2, 2, 13, 17, 607] 144 328928444 865516444 True
[2, 2, 13, 17, 613] 136 334347364 851312332 True
[2, 2, 13, 17, 617] 130 337619932 841595404 True
[2, 2, 13, 17, 619] 128 345280676 837757076 True
[2, 2, 13, 17, 631] 117 357552364 813836036 True
[2, 2, 13, 17, 641] 107 364352092 798401396 True
[2, 2, 13, 17, 643] 105 367762564 795208388 True
[2, 2, 13, 17, 647] 103 373482044 789860188 True
[2, 2, 13, 17, 653] 98 380409068 766013404 True
[2, 2, 13, 17, 659] 97 385069516 773051812 True
[2, 2, 13, 17, 661] 96 393250052 775397948 True
[2, 2, 13, 17, 673] 85 402768964 760918028 True
[2, 2, 13, 17, 677] 82 408753644 753471212 True
[2, 2, 13, 17, 683] 79 417206452 746865964 True
[2, 2, 13, 17, 691] 74 428201644 743397148 True
[2, 2, 13, 17, 701] 69 439355956 735564908 True
[2, 2, 13, 17, 709] 65 450637564 728917228 True
[2, 2, 13, 17, 719] 61 462078292 717587884 True
[2, 2, 13, 17, 727] 58 471075644 717860156 True
[2, 2, 13, 17, 733] 55 478851308 714713116 True
[2, 2, 13, 17, 739] 52 485384068 714030668 True
[2, 2, 13, 17, 743] 48 493265812 702132028 True
[2, 2, 13, 17, 751] 47 502560188 709691996 True
[2, 2, 13, 17, 757] 43 509252068 703316588 True
[2, 2, 13, 17, 761] 41 517324756 705687476 True
[2, 2, 13, 17, 769] 38 525482308 702229268 True
[2, 2, 13, 17, 773] 35 537782284 697681972 True
[2, 2, 13, 17, 787] 30 554479276 693620876 True
[2, 2, 13, 17, 797] 27 569979332 692570684 True
[2, 2, 13, 17, 809] 23 579991516 691555852 True
[2, 2, 13, 17, 811] 22 588594604 693265508 True
[2, 2, 13, 17, 821] 20 597303772 691653092 True
[2, 2, 13, 17, 823] 18 601668964 688972804 True
[2, 2, 13, 17, 827] 16 606055372 687934988 True
[2, 2, 13, 17, 829] 15 614849404 689598676 True
[2, 2, 13, 17, 839] 12 632649628 689017004 True
[2, 2, 13, 17, 853] 9 646222564 686941372 True
[2, 2, 13, 17, 857] 7 650768092 687132316 True
[2, 2, 13, 17, 859] 6 655324228 688735892 True
[2, 2, 13, 17, 863] 4 669056284 676685204 True
[2, 2, 13, 17, 877] 3 683011108 687662716 True
[2, 2, 13, 17, 881] 1 687683932 687683932 True
[2, 2, 13, 17, 883] 0 -- -- False
[2, 2, 13, 17] 24567 175833788 38332157396 True
[2, 2, 13, 19, 19] 12 2384044 3397732 True
[2, 2, 13, 19, 127] 456 16437356 435276244 True
[2, 2, 13, 19, 131] 259 17731636 246042628 True
[2, 2, 13, 19, 137] 159 18814484 157419028 True
[2, 2, 13, 19, 139] 141 20462468 142687948 True
[2, 2, 13, 19, 149] 90 22229012 101723492 True
[2, 2, 13, 19, 151] 83 23422516 97419764 True
[2, 2, 13, 19, 157] 65 25283908 86399612 True
[2, 2, 13, 19, 163] 56 26894348 79072604 True
[2, 2, 13, 19, 167] 50 28544308 76063156 True
[2, 2, 13, 19, 173] 42 30595396 71959004 True
[2, 2, 13, 19, 179] 36 32010212 68795428 True
[2, 2, 13, 19, 181] 33 34156148 67775812 True
[2, 2, 13, 19, 191] 25 36420644 63594596 True
[2, 2, 13, 19, 193] 24 37564748 64260508 True
[2, 2, 13, 19, 197] 21 38732564 61699612 True
[2, 2, 13, 19, 199] 20 41485132 62326004 True
[2, 2, 13, 19, 211] 15 46488364 61081124 True
[2, 2, 13, 19, 223] 10 50013548 59707804 True
[2, 2, 13, 19, 227] 7 51359204 58984588 True
[2, 2, 13, 19, 229] 6 52716716 59504276 True
[2, 2, 13, 19, 233] 4 55018756 59162428 True
[2, 2, 13, 19, 239] 2 56907812 59269132 True
[2, 2, 13, 19, 241] 0 -- -- False
[2, 2, 13, 19] 1616 2384044 435276244 True
[2, 2, 13, 23, 23] 2 1622972 1677988 True
[2, 2, 13, 23, 59] 2011 4163276 1243831628 True
[2, 2, 13, 23, 61] 242 4888052 120888092 True
[2, 2, 13, 23, 67] 74 5689372 39024284 True
[2, 2, 13, 23, 71] 49 6198868 29465852 True
[2, 2, 13, 23, 73] 41 6897332 25581244 True
[2, 2, 13, 23, 79] 28 7842172 21636836 True
[2, 2, 13, 23, 83] 23 8834852 19754332 True
[2, 2, 13, 23, 89] 16 10325068 18414812 True
[2, 2, 13, 23, 97] 10 11717212 17285788 True
[2, 2, 13, 23, 101] 8 12441988 16790644 True
[2, 2, 13, 23, 103] 6 13181116 16876756 True
[2, 2, 13, 23, 107] 4 13948948 16764332 True
[2, 2, 13, 23, 109] 2 14731132 16556228 True
[2, 2, 13, 23, 113] 0 -- -- False
[2, 2, 13, 23] 2516 1622972 1243831628 True
[2, 2, 13, 29, 29] 0 -- -- True
[2, 2, 13, 29, 41] 113 2658604 43341428 True
[2, 2, 13, 29, 43] 63 3047668 25224316 True
[2, 2, 13, 29, 47] 33 3756428 15805348 True
[2, 2, 13, 29, 53] 18 4715516 11109436 True
[2, 2, 13, 29, 59] 13 5427292 10053836 True
[2, 2, 13, 29, 61] 10 6163196 9842716 True
[2, 2, 13, 29, 67] 5 7173556 8992204 True
[2, 2, 13, 29, 71] 3 7815964 8886644 True
[2, 2, 13, 29, 73] 2 8696636 9136972 True
[2, 2, 13, 29, 79] 0 -- -- False
[2, 2, 13, 29] 260 2658604 43341428 True
[2, 2, 13, 31, 31] 1 1848964 1848964 True
[2, 2, 13, 31, 37] 155 2445404 59107204 True
[2, 2, 13, 31, 41] 46 2841956 18307484 True
[2, 2, 13, 31, 43] 33 3257852 14625676 True
[2, 2, 13, 31, 47] 20 4015492 11288836 True
[2, 2, 13, 31, 53] 13 5040724 9312524 True
[2, 2, 13, 31, 59] 7 5801588 8464612 True
[2, 2, 13, 31, 61] 5 6588244 8161556 True
[2, 2, 13, 31, 67] 2 7668284 7884292 True
[2, 2, 13, 31, 71] 0 -- -- False
[2, 2, 13, 31] 282 1848964 59107204 True
[2, 2, 13, 37, 37] 0 -- -- False
[2, 2, 13, 37, 41] 17 3392012 8913892 True
[2, 2, 13, 37, 43] 12 3888404 8355932 True
[2, 2, 13, 37, 47] 8 4792684 7505524 True
[2, 2, 13, 37, 53] 3 6016348 6832124 True
[2, 2, 13, 37, 59] 1 6924476 6924476 True
[2, 2, 13, 37, 61] 0 -- -- False
[2, 2, 13, 37] 41 3392012 8913892 True
[2, 2, 13, 41, 41] 0 -- -- False
[2, 2, 13, 41, 43] 8 4308772 7242404 True
[2, 2, 13, 41, 47] 4 5310812 6713668 True
[2, 2, 13, 41, 53] 1 6666764 6666764 True
[2, 2, 13, 41, 59] 0 -- -- False
[2, 2, 13, 41] 13 4308772 7242404 True
[2, 2, 13, 43, 43] 0 -- -- False
[2, 2, 13, 43, 47] 3 5569876 6410612 True
[2, 2, 13, 43, 53] 0 -- -- False
[2, 2, 13, 43] 3 5569876 6410612 True
[2, 2, 13, 47, 47] 0 -- -- False
[2, 2, 13, 47, 53] 0 -- -- False
[2, 2, 13, 47] 0 -- -- False
[2, 2, 13] 29355 775372 38332157396 True
[2, 2, 17, 17, 17] 0 -- -- False
[2, 2, 17, 17, 19] 2 900524 944452 True
[2, 2, 17, 17, 23] 1 824228 824228 True
[2, 2, 17, 17, 29] 0 -- -- False
[2, 2, 17, 17] 3 824228 944452 True
[2, 2, 17, 19, 19] 2 1006468 1055564 True
[2, 2, 17, 19, 41] 157 2277796 53660636 True
[2, 2, 17, 19, 43] 77 2611132 25944652 True
[2, 2, 17, 19, 47] 38 3218372 14634484 True
[2, 2, 17, 19, 53] 20 4040084 10339876 True
[2, 2, 17, 19, 59] 13 4649908 8613764 True
[2, 2, 17, 19, 61] 11 5280404 8590508 True
[2, 2, 17, 19, 67] 5 6146044 7704196 True
[2, 2, 17, 19, 71] 4 6696436 8164148 True
[2, 2, 17, 19, 73] 2 7450964 7828228 True
[2, 2, 17, 19, 79] 0 -- -- False
[2, 2, 17, 19] 329 1006468 53660636 True
[2, 2, 17, 23, 23] 0 -- -- True
[2, 2, 17, 23, 31] 81 1793908 23223836 True
[2, 2, 17, 23, 37] 22 2372588 8043652 True
[2, 2, 17, 23, 41] 13 2757332 6476524 True
[2, 2, 17, 23, 43] 10 3160844 5985428 True
[2, 2, 17, 23, 47] 6 3895924 5366084 True
[2, 2, 17, 23, 53] 2 4890628 5056412 True
[2, 2, 17, 23, 59] 0 -- -- False
[2, 2, 17, 23] 134 1793908 23223836 True
[2, 2, 17, 29, 29] 0 -- -- False
[2, 2, 17, 29, 31] 13 2261884 5440748 True
[2, 2, 17, 29, 37] 6 2991524 4450804 True
[2, 2, 17, 29, 41] 3 3476636 4285156 True
[2, 2, 17, 29, 43] 1 3985412 3985412 True
[2, 2, 17, 29, 47] 0 -- -- False
[2, 2, 17, 29] 23 2261884 5440748 True
[2, 2, 17, 31, 31] 0 -- -- False
[2, 2, 17, 31, 37] 4 3197836 4133788 True
[2, 2, 17, 31, 41] 2 3716404 4062116 True
[2, 2, 17, 31, 43] 0 -- -- False
[2, 2, 17, 31] 6 3197836 4133788 True
[2, 2, 17, 37, 37] 0 -- -- False
[2, 2, 17, 37, 41] 0 -- -- False
[2, 2, 17, 37] 0 -- -- False
[2, 2, 17] 495 824228 53660636 True
[2, 2, 19, 19, 19] 0 -- -- False
[2, 2, 19, 19, 23] 0 -- -- False
[2, 2, 19, 19] 0 -- -- False
[2, 2, 19, 23, 23] 0 -- -- False
[2, 2, 19, 23, 29] 29 1571452 8465564 True
[2, 2, 19, 23, 31] 19 2004956 6123244 True
[2, 2, 19, 23, 37] 9 2651716 4721348 True
[2, 2, 19, 23, 41] 5 3081724 4371748 True
[2, 2, 19, 23, 43] 3 3532708 4434676 True
[2, 2, 19, 23, 47] 1 4354268 4354268 True
[2, 2, 19, 23, 53] 0 -- -- False
[2, 2, 19, 23] 66 1571452 8465564 True
[2, 2, 19, 29, 29] 0 -- -- False
[2, 2, 19, 29, 31] 6 2527988 4031116 True
[2, 2, 19, 29, 37] 2 3343468 3506564 True
[2, 2, 19, 29, 41] 0 -- -- False
[2, 2, 19, 29] 8 2527988 4031116 True
[2, 2, 19, 31, 31] 0 -- -- False
[2, 2, 19, 31, 37] 1 3574052 3574052 True
[2, 2, 19, 31, 41] 0 -- -- False
[2, 2, 19, 31] 1 3574052 3574052 True
[2, 2, 19, 37, 37] 0 -- -- False
[2, 2, 19, 37, 41] 0 -- -- False
[2, 2, 19, 37] 0 -- -- False
[2, 2, 19] 75 1571452 8465564 True
[2, 2, 23, 23, 23] 0 -- -- False
[2, 2, 23, 23, 29] 0 -- -- False
[2, 2, 23, 23] 0 -- -- False
[2, 2, 23, 29, 29] 0 -- -- False
[2, 2, 23, 29, 31] 1 3060196 3060196 True
[2, 2, 23, 29, 37] 0 -- -- False
[2, 2, 23, 29] 1 3060196 3060196 True
[2, 2, 23, 31, 31] 0 -- -- False
[2, 2, 23, 31, 37] 0 -- -- False
[2, 2, 23, 31] 0 -- -- False
[2, 2, 23] 1 3060196 3060196 True
[2, 2, 29, 29, 29] 0 -- -- False
[2, 2, 29, 29, 31] 0 -- -- False
[2, 2, 29, 29] 0 -- -- False
[2, 2, 29, 31, 31] 0 -- -- False
[2, 2, 29, 31, 37] 0 -- -- False
[2, 2, 29, 31] 0 -- -- False
[2, 2, 29] 0 -- -- False
[2, 2] 44915 1184 38332157396 True
[2, 5, 5, 5, 5] 0 -- -- True
[2, 5, 5, 5, 17] 11 284750 463250 True
[2, 5, 5, 5, 19] 4 223250 289750 True
[2, 5, 5, 5, 23] 2 212750 235750 True
[2, 5, 5, 5, 29] 0 -- -- False
[2, 5, 5, 5] 17 212750 463250 True
[2, 5, 5, 17, 17] 4 968150 1141550 True
[2, 5, 5, 17, 67] 244 4043450 95049550 True
[2, 5, 5, 17, 71] 105 4405550 41701850 True
[2, 5, 5, 17, 73] 80 4901950 33941350 True
[2, 5, 5, 17, 79] 48 5573450 23435350 True
[2, 5, 5, 17, 83] 38 6278950 19965650 True
[2, 5, 5, 17, 89] 27 7338050 17626450 True
[2, 5, 5, 17, 97] 19 8327450 15912850 True
[2, 5, 5, 17, 101] 15 8842550 15367150 True
[2, 5, 5, 17, 103] 13 9367850 15146150 True
[2, 5, 5, 17, 107] 10 9913550 14824850 True
[2, 5, 5, 17, 109] 8 10469450 14546050 True
[2, 5, 5, 17, 113] 5 12198350 14311450 True
[2, 5, 5, 17, 127] 1 14141450 14141450 True
[2, 5, 5, 17, 131] 0 -- -- False
[2, 5, 5, 17] 617 968150 95049550 True
[2, 5, 5, 19, 19] 2 848350 956650 True
[2, 5, 5, 19, 47] 593 2098550 199272950 True
[2, 5, 5, 19, 53] 60 2970650 19284050 True
[2, 5, 5, 19, 59] 31 3419050 12499150 True
[2, 5, 5, 19, 61] 27 3882650 11416150 True
[2, 5, 5, 19, 67] 17 4519150 9611150 True
[2, 5, 5, 19, 71] 12 4923850 8835950 True
[2, 5, 5, 19, 73] 10 5478650 8807450 True
[2, 5, 5, 19, 79] 8 6229150 8480650 True
[2, 5, 5, 19, 83] 5 7017650 8436950 True
[2, 5, 5, 19, 89] 1 8201350 8201350 True
[2, 5, 5, 19, 97] 0 -- -- False
[2, 5, 5, 19] 766 848350 199272950 True
[2, 5, 5, 23, 23] 0 -- -- True
[2, 5, 5, 23, 37] 50 1744550 12467150 True
[2, 5, 5, 23, 41] 26 2027450 7874050 True
[2, 5, 5, 23, 43] 20 2324150 6873550 True
[2, 5, 5, 23, 47] 14 2864650 5891450 True
[2, 5, 5, 23, 53] 7 3596050 5058850 True
[2, 5, 5, 23, 59] 4 4138850 4953050 True
[2, 5, 5, 23, 61] 2 4700050 4980650 True
[2, 5, 5, 23, 67] 0 -- -- False
[2, 5, 5, 23] 123 1744550 12467150 True
[2, 5, 5, 29, 29] 0 -- -- False
[2, 5, 5, 29, 31] 23 1663150 6248050 True
[2, 5, 5, 29, 37] 10 2199650 4238350 True
[2, 5, 5, 29, 41] 6 2556350 3983150 True
[2, 5, 5, 29, 43] 4 2930450 3803350 True
[2, 5, 5, 29, 47] 1 3611950 3611950 True
[2, 5, 5, 29, 53] 0 -- -- False
[2, 5, 5, 29] 44 1663150 6248050 True
[2, 5, 5, 31, 31] 0 -- -- False
[2, 5, 5, 31, 37] 7 2351350 3842450 True
[2, 5, 5, 31, 41] 4 2732650 3749450 True
[2, 5, 5, 31, 43] 2 3132550 3532450 True
[2, 5, 5, 31, 47] 0 -- -- False
[2, 5, 5, 31] 13 2351350 3842450 True
[2, 5, 5, 37, 37] 0 -- -- False
[2, 5, 5, 37, 41] 1 3261550 3261550 True
[2, 5, 5, 37, 43] 0 -- -- False
[2, 5, 5, 37] 1 3261550 3261550 True
[2, 5, 5, 41, 41] 0 -- -- False
[2, 5, 5, 41, 43] 0 -- -- False
[2, 5, 5, 41] 0 -- -- False
[2, 5, 5] 1581 212750 199272950 True
[2, 5, 11, 11, 11] 1 1291070 1291070 True
[2, 5, 11, 11, 97] 252 14905990 214904470 True
[2, 5, 11, 11, 101] 147 15520670 128442710 True
[2, 5, 11, 11, 103] 120 15828010 107555690 True
[2, 5, 11, 11, 107] 92 14630110 85579670 True
[2, 5, 11, 11, 109] 79 14903570 78210770 True
[2, 5, 11, 11, 113] 65 17364710 68228270 True
[2, 5, 11, 11, 127] 37 20130770 51786790 True
[2, 5, 11, 11, 131] 32 21715870 49296610 True
[2, 5, 11, 11, 137] 27 23042030 46581370 True
[2, 5, 11, 11, 139] 24 25060310 45579490 True
[2, 5, 11, 11, 149] 18 27223790 43449890 True
[2, 5, 11, 11, 151] 15 28685470 42571430 True
[2, 5, 11, 11, 157] 11 30965110 42363310 True
[2, 5, 11, 11, 163] 9 32937410 41615530 True
[2, 5, 11, 11, 167] 7 34958110 40211930 True
[2, 5, 11, 11, 173] 5 37470070 41238010 True
[2, 5, 11, 11, 179] 1 39202790 39202790 True
[2, 5, 11, 11, 181] 0 -- -- False
[2, 5, 11, 11] 942 1291070 214904470 True
[2, 5, 11, 59, 59] 20 250040230 301350170 True
[2, 5, 11, 59, 653] 8140 2792822230 359172195470 True
[2, 5, 11, 59, 659] 3976 2827037510 166256322430 True
[2, 5, 11, 59, 661] 3416 2887095970 141536340770 True
[2, 5, 11, 59, 673] 1886 2956980290 76291838590 True
[2, 5, 11, 59, 677] 1647 3000917590 66560615770 True
[2, 5, 11, 59, 683] 1389 3062974970 56113169530 True
[2, 5, 11, 59, 691] 1150 3143697590 46760819930 True
[2, 5, 11, 59, 701] 943 3225588410 39039173690 True
[2, 5, 11, 59, 709] 829 3308413790 34699232810 True
[2, 5, 11, 59, 719] 722 3392407370 30662323010 True
[2, 5, 11, 59, 727] 652 3458462590 28087623190 True
[2, 5, 11, 59, 733] 608 3515548630 26597337470 True
[2, 5, 11, 59, 739] 567 3563509730 25232334710 True
[2, 5, 11, 59, 743] 545 3621374570 24394852130 True
[2, 5, 11, 59, 751] 505 3689610430 23049098710 True
[2, 5, 11, 59, 757] 476 3738739730 22073794490 True
[2, 5, 11, 59, 761] 461 3798006410 21548377070 True
[2, 5, 11, 59, 769] 430 3857896130 20517219910 True
[2, 5, 11, 59, 773] 416 3948197990 20102197390 True
[2, 5, 11, 59, 787] 375 4070781110 18760324990 True
[2, 5, 11, 59, 797] 348 4184576770 17943506570 True
[2, 5, 11, 59, 809] 321 4258082510 17111086190 True
[2, 5, 11, 59, 811] 315 4321243190 16953379190 True
[2, 5, 11, 59, 821] 297 4385182670 16341865430 True
[2, 5, 11, 59, 823] 294 4417230290 16285532230 True
[2, 5, 11, 59, 827] 285 4449433670 15946040330 True
[2, 5, 11, 59, 829] 284 4513996190 15984603910 True
[2, 5, 11, 59, 839] 267 4644678830 15480447730 True
[2, 5, 11, 59, 853] 246 4744326290 14941583030 True
[2, 5, 11, 59, 857] 237 4777697870 14789171870 True
[2, 5, 11, 59, 859] 233 4811147330 14678738030 True
[2, 5, 11, 59, 863] 228 4911962990 14523055910 True
[2, 5, 11, 59, 877] 216 5014414130 14098415210 True
[2, 5, 11, 59, 881] 211 5048720270 13991187430 True
[2, 5, 11, 59, 883] 208 5083104290 13965642790 True
[2, 5, 11, 59, 887] 203 5221263410 13810155370 True
[2, 5, 11, 59, 907] 182 5362537730 13356309670 True
[2, 5, 11, 59, 911] 178 5433486410 13261490770 True
[2, 5, 11, 59, 919] 170 5540843990 12996231490 True
[2, 5, 11, 59, 929] 166 5649369770 12920597030 True
[2, 5, 11, 59, 937] 158 5722343330 12764291870 True
[2, 5, 11, 59, 941] 154 5783414230 12721068470 True
[2, 5, 11, 59, 947] 149 5857166590 12617799590 True
[2, 5, 11, 59, 953] 144 5980865990 12475084490 True
[2, 5, 11, 59, 967] 134 6093830930 12244144330 True
[2, 5, 11, 59, 971] 132 6156848830 12282188710 True
[2, 5, 11, 59, 977] 128 6232937590 12129816490 True
[2, 5, 11, 59, 983] 125 6322252970 12127752670 True
[2, 5, 11, 59, 991] 120 6412295230 12046368070 True
[2, 5, 11, 59, 997] 115 6528764770 11951068910 True
[2, 5, 11, 59, 1009] 111 6633539330 11859170510 True
[2, 5, 11, 59, 1013] 108 6699283030 11761547930 True
[2, 5, 11, 59, 1019] 104 6752189510 11751851870 True
[2, 5, 11, 59, 1021] 102 6831704990 11655644110 True
[2, 5, 11, 59, 1031] 98 6911999270 11649361790 True
[2, 5, 11, 59, 1033] 96 6965632630 11618326610 True
[2, 5, 11, 59, 1039] 94 7073522390 11618378530 True
[2, 5, 11, 59, 1049] 88 7155218510 11525960930 True
[2, 5, 11, 59, 1051] 86 7237070390 11384232310 True
[2, 5, 11, 59, 1061] 83 7319701070 11451235070 True
[2, 5, 11, 59, 1063] 81 7374892030 11431427590 True
[2, 5, 11, 59, 1069] 79 7541399470 11357194970 True
[2, 5, 11, 59, 1087] 71 7696601330 11294462630 True
[2, 5, 11, 59, 1091] 69 7739084870 11307702230 True
[2, 5, 11, 59, 1093] 67 7781646290 11229121310 True
[2, 5, 11, 59, 1097] 66 7852841590 11270215990 True
[2, 5, 11, 59, 1103] 63 7938743230 11245956370 True
[2, 5, 11, 59, 1109] 60 8039506970 11220762190 True
[2, 5, 11, 59, 1117] 56 8140997590 11185716190 True
[2, 5, 11, 59, 1123] 54 8228456830 11158341370 True
[2, 5, 11, 59, 1129] 51 8433618710 11071414310 True
[2, 5, 11, 59, 1151] 45 8612898470 11077995170 True
[2, 5, 11, 59, 1153] 42 8702694110 11007448870 True
[2, 5, 11, 59, 1163] 40 8838555770 11012342330 True
[2, 5, 11, 59, 1171] 37 8975351990 11027295290 True
[2, 5, 11, 59, 1181] 33 9097987030 10983500770 True
[2, 5, 11, 59, 1187] 30 9190430590 10993080010 True
[2, 5, 11, 59, 1193] 27 9298826570 10909281130 True
[2, 5, 11, 59, 1201] 25 9454716370 10904491510 True
[2, 5, 11, 59, 1213] 23 9580674290 10871742970 True
[2, 5, 11, 59, 1217] 22 9659657590 10907593730 True
[2, 5, 11, 59, 1223] 20 9754904830 10897871710 True
[2, 5, 11, 59, 1229] 18 9818714510 10903479070 True
[2, 5, 11, 59, 1231] 17 9882628030 10921222730 True
[2, 5, 11, 59, 1237] 15 10027134370 10926284930 True
[2, 5, 11, 59, 1249] 13 10205466590 10756675270 True
[2, 5, 11, 59, 1259] 12 10434252070 10842797570 True
[2, 5, 11, 59, 1277] 8 10600006670 10832063110 True
[2, 5, 11, 59, 1279] 7 10649810930 10849027970 True
[2, 5, 11, 59, 1283] 6 10733077630 10882957690 True
[2, 5, 11, 59, 1289] 4 10800002510 10900389830 True
[2, 5, 11, 59, 1291] 2 10867031230 10900545590 True
[2, 5, 11, 59, 1297] 0 -- -- False
[2, 5, 11, 59] 37534 250040230 359172195470 True
[2, 5, 11, 61, 61] 10 196059490 223892570 True
[2, 5, 11, 61, 479] 27632 1539549110 1033018168270 True
[2, 5, 11, 61, 487] 2846 1604475070 87520683910 True
[2, 5, 11, 61, 491] 2025 1644010390 60960168830 True
[2, 5, 11, 61, 499] 1295 1684189870 38595738830 True
[2, 5, 11, 61, 503] 1107 1717941170 32904142370 True
[2, 5, 11, 61, 509] 906 1779418190 27107950430 True
[2, 5, 11, 61, 521] 669 1828360930 20426602130 True
[2, 5, 11, 61, 523] 639 1898547530 19620664030 True
[2, 5, 11, 61, 541] 469 1985670170 15003244630 True
[2, 5, 11, 61, 547] 428 2044396090 13958417110 True
[2, 5, 11, 61, 557] 375 2104195610 12666285830 True
[2, 5, 11, 61, 563] 347 2149528370 12016959130 True
[2, 5, 11, 61, 569] 327 2180072290 11457787990 True
[2, 5, 11, 61, 571] 319 2210723570 11260513990 True
[2, 5, 11, 61, 577] 301 2272670290 10829060990 True
[2, 5, 11, 61, 587] 269 2335690610 10158087830 True
[2, 5, 11, 61, 593] 258 2383438970 9840141190 True
[2, 5, 11, 61, 599] 243 2415593290 9553852330 True
[2, 5, 11, 61, 601] 237 2447854970 9440574110 True
[2, 5, 11, 61, 607] 224 2496730610 9168255470 True
[2, 5, 11, 61, 613] 215 2537862910 8962728170 True
[2, 5, 11, 61, 617] 207 2562703330 8814209030 True
[2, 5, 11, 61, 619] 203 2620852190 8718175510 True
[2, 5, 11, 61, 631] 184 2714000410 8379105790 True
[2, 5, 11, 61, 641] 173 2765613730 8081785690 True
[2, 5, 11, 61, 643] 168 2791500910 8055227510 True
[2, 5, 11, 61, 647] 164 2834914610 7949048470 True
[2, 5, 11, 61, 653] 159 2887494170 7838736070 True
[2, 5, 11, 61, 659] 151 2922869290 7698510490 True
[2, 5, 11, 61, 661] 148 2984963630 7642039130 True
[2, 5, 11, 61, 673] 137 3057216910 7392413710 True
[2, 5, 11, 61, 677] 135 3102643610 7390924090 True
[2, 5, 11, 61, 683] 127 3166804630 7318939210 True
[2, 5, 11, 61, 691] 120 3250263610 7200655330 True
[2, 5, 11, 61, 701] 113 3334930390 7050861290 True
[2, 5, 11, 61, 709] 106 3420563410 6998120690 True
[2, 5, 11, 61, 719] 98 3507404230 6894196210 True
[2, 5, 11, 61, 727] 93 3575698610 6824559830 True
[2, 5, 11, 61, 733] 90 3634719770 6753004390 True
[2, 5, 11, 61, 739] 86 3684306670 6580181630 True
[2, 5, 11, 61, 743] 85 3744133030 6615798310 True
[2, 5, 11, 61, 751] 81 3814681970 6586247470 True
[2, 5, 11, 61, 757] 77 3865476670 6588072590 True
[2, 5, 11, 61, 761] 74 3926752390 6582033590 True
[2, 5, 11, 61, 769] 69 3988672270 6496427410 True
[2, 5, 11, 61, 773] 67 4082035210 6478350670 True
[2, 5, 11, 61, 787] 61 4208773690 6426697090 True
[2, 5, 11, 61, 797] 57 4326426830 6380008910 True
[2, 5, 11, 61, 809] 53 4402424290 6356644690 True
[2, 5, 11, 61, 811] 51 4467726010 6328825030 True
[2, 5, 11, 61, 821] 47 4533832930 6219559390 True
[2, 5, 11, 61, 823] 46 4566966910 6234710570 True
[2, 5, 11, 61, 827] 45 4600261930 6265012930 True
[2, 5, 11, 61, 829] 44 4667013010 6280164110 True
[2, 5, 11, 61, 839] 40 4802125570 6243326210 True
[2, 5, 11, 61, 853] 34 4905150910 6221585810 True
[2, 5, 11, 61, 857] 32 4939653730 6147252430 True
[2, 5, 11, 61, 859] 31 4974237070 6161598410 True
[2, 5, 11, 61, 863] 30 5078470210 6190290370 True
[2, 5, 11, 61, 877] 26 5184394270 6184788170 True
[2, 5, 11, 61, 881] 23 5219863330 6142058890 True
[2, 5, 11, 61, 883] 22 5255412910 6156002270 True
[2, 5, 11, 61, 887] 21 5398255390 6183889030 True
[2, 5, 11, 61, 907] 14 5544318670 6140743730 True
[2, 5, 11, 61, 911] 12 5617672390 6094471570 True
[2, 5, 11, 61, 919] 11 5728669210 6147990530 True
[2, 5, 11, 61, 929] 8 5840873830 6127618970 True
[2, 5, 11, 61, 937] 6 5916321070 6142662790 True
[2, 5, 11, 61, 941] 4 5979462170 6131000810 True
[2, 5, 11, 61, 947] 2 6055714610 6144675790 True
[2, 5, 11, 61, 953] 0 -- -- False
[2, 5, 11, 61] 44976 196059490 1033018168270 True
[2, 5, 11, 67, 67] 2 139742570 144680470 True
[2, 5, 11, 67, 283] 13695 590255930 310689447310 True
[2, 5, 11, 67, 293] 934 662938870 17013991390 True
[2, 5, 11, 67, 307] 433 703665490 8011831190 True
[2, 5, 11, 67, 311] 377 717417910 7066451810 True
[2, 5, 11, 67, 313] 355 731258770 6696669430 True
[2, 5, 11, 67, 317] 312 773311990 6057999970 True
[2, 5, 11, 67, 331] 227 822101390 4710616570 True
[2, 5, 11, 67, 337] 204 861840430 4339006430 True
[2, 5, 11, 67, 347] 172 892529110 3894904970 True
[2, 5, 11, 67, 349] 165 907961890 3814468790 True
[2, 5, 11, 67, 353] 152 933977990 3665668490 True
[2, 5, 11, 67, 359] 145 971019610 3511016410 True
[2, 5, 11, 67, 367] 128 1008886670 3324186910 True
[2, 5, 11, 67, 373] 118 1041874790 3197098630 True
[2, 5, 11, 67, 379] 111 1069807090 3097692070 True
[2, 5, 11, 67, 383] 104 1098034190 3017476990 True
[2, 5, 11, 67, 389] 97 1138171210 2961538690 True
[2, 5, 11, 67, 397] 87 1173281890 2858594530 True
[2, 5, 11, 67, 401] 83 1208746330 2816467610 True
[2, 5, 11, 67, 409] 76 1263004270 2746054630 True
[2, 5, 11, 67, 419] 69 1300060630 2664969890 True
[2, 5, 11, 67, 421] 67 1337293870 2665279430 True
[2, 5, 11, 67, 431] 59 1375411510 2607881870 True
[2, 5, 11, 67, 433] 57 1400941190 2588071310 True
[2, 5, 11, 67, 439] 53 1433295490 2546283410 True
[2, 5, 11, 67, 443] 51 1465944590 2523775430 True
[2, 5, 11, 67, 449] 48 1512272410 2518247930 True
[2, 5, 11, 67, 457] 43 1552689490 2489018510 True
[2, 5, 11, 67, 461] 40 1573074910 2470033390 True
[2, 5, 11, 67, 463] 38 1593548770 2453450890 True
[2, 5, 11, 67, 467] 36 1648617410 2440229110 True
[2, 5, 11, 67, 479] 32 1719222010 2411147090 True
[2, 5, 11, 67, 487] 29 1762292290 2415524870 True
[2, 5, 11, 67, 491] 27 1805716330 2391940870 True
[2, 5, 11, 67, 499] 23 1849847890 2379426610 True
[2, 5, 11, 67, 503] 21 1886918990 2383671730 True
[2, 5, 11, 67, 509] 18 1954442930 2367089230 True
[2, 5, 11, 67, 521] 15 2008199710 2369138090 True
[2, 5, 11, 67, 523] 13 2085289910 2362814630 True
[2, 5, 11, 67, 541] 7 2180981990 2340468790 True
[2, 5, 11, 67, 547] 5 2245484230 2326112030 True
[2, 5, 11, 67, 557] 3 2311165670 2344006390 True
[2, 5, 11, 67, 563] 0 -- -- False
[2, 5, 11, 67] 18731 139742570 310689447310 True
[2, 5, 11, 71, 71] 3 126982790 132527890 True
[2, 5, 11, 71, 229] 16183 409564210 319837455190 True
[2, 5, 11, 71, 233] 1436 434915470 22668376610 True
[2, 5, 11, 71, 239] 653 449848190 9935858570 True
[2, 5, 11, 71, 241] 557 472434710 8456769530 True
[2, 5, 11, 71, 251] 322 503799670 5055639490 True
[2, 5, 11, 71, 257] 259 527885710 4180935110 True
[2, 5, 11, 71, 263] 218 552534070 3613038770 True
[2, 5, 11, 71, 269] 185 569341190 3216462590 True
[2, 5, 11, 71, 271] 174 586273270 3087988090 True
[2, 5, 11, 71, 277] 155 607906970 2827524590 True
[2, 5, 11, 71, 281] 142 621074630 2701564910 True
[2, 5, 11, 71, 283] 135 647597390 2636804390 True
[2, 5, 11, 71, 293] 113 702517310 2377574870 True
[2, 5, 11, 71, 307] 91 745675370 2126733290 True
[2, 5, 11, 71, 311] 86 760248830 2096149330 True
[2, 5, 11, 71, 313] 81 774916010 2050960670 True
[2, 5, 11, 71, 317] 77 819479870 2037558710 True
[2, 5, 11, 71, 331] 64 871182070 1910396290 True
[2, 5, 11, 71, 337] 59 913293590 1866066730 True
[2, 5, 11, 71, 347] 52 945814430 1791356270 True
[2, 5, 11, 71, 349] 51 962168570 1801681090 True
[2, 5, 11, 71, 353] 47 989737870 1783733710 True
[2, 5, 11, 71, 359] 43 1028990930 1769191490 True
[2, 5, 11, 71, 367] 38 1069118710 1739825890 True
[2, 5, 11, 71, 373] 33 1104076270 1710007310 True
[2, 5, 11, 71, 379] 31 1133676170 1707914230 True
[2, 5, 11, 71, 383] 28 1163588470 1702009870 True
[2, 5, 11, 71, 389] 24 1206121730 1661835230 True
[2, 5, 11, 71, 397] 21 1243328570 1621598110 True
[2, 5, 11, 71, 401] 20 1280910290 1637936630 True
[2, 5, 11, 71, 409] 17 1338407510 1625893610 True
[2, 5, 11, 71, 419] 15 1377676190 1646012170 True
[2, 5, 11, 71, 421] 13 1417132310 1640716990 True
[2, 5, 11, 71, 431] 10 1457525630 1639295570 True
[2, 5, 11, 71, 433] 8 1484579470 1619848670 True
[2, 5, 11, 71, 439] 6 1518865370 1601151530 True
[2, 5, 11, 71, 443] 5 1553463670 1615740610 True
[2, 5, 11, 71, 449] 4 1602557330 1637624230 True
[2, 5, 11, 71, 457] 0 -- -- False
[2, 5, 11, 71] 21459 126982790 319837455190 True
[2, 5, 11, 73, 73] 1 123686090 123686090 True
[2, 5, 11, 73, 211] 6464 357503630 110380516510 True
[2, 5, 11, 73, 223] 470 406486630 6641669210 True
[2, 5, 11, 73, 227] 367 417423490 5215059410 True
[2, 5, 11, 73, 229] 326 428456710 4742445730 True
[2, 5, 11, 73, 233] 275 447166610 4043209390 True
[2, 5, 11, 73, 239] 222 462519970 3375820030 True
[2, 5, 11, 73, 241] 207 485742730 3206676110 True
[2, 5, 11, 73, 251] 158 517991210 2622204530 True
[2, 5, 11, 73, 257] 136 542755730 2379457630 True
[2, 5, 11, 73, 263] 121 568098410 2219596390 True
[2, 5, 11, 73, 269] 106 585378970 2088787690 True
[2, 5, 11, 73, 271] 102 602788010 2047738330 True
[2, 5, 11, 73, 277] 91 625031110 1919579530 True
[2, 5, 11, 73, 281] 86 638569690 1893144770 True
[2, 5, 11, 73, 283] 81 665839570 1865714290 True
[2, 5, 11, 73, 293] 70 722306530 1748122970 True
[2, 5, 11, 73, 307] 58 766680310 1629503810 True
[2, 5, 11, 73, 311] 54 781664290 1615772510 True
[2, 5, 11, 73, 313] 52 796744630 1616109770 True
[2, 5, 11, 73, 317] 48 842563810 1575670690 True
[2, 5, 11, 73, 331] 39 895722410 1533625610 True
[2, 5, 11, 73, 337] 34 939020170 1507303270 True
[2, 5, 11, 73, 347] 30 972457090 1457292430 True
[2, 5, 11, 73, 349] 29 989271910 1465691810 True
[2, 5, 11, 73, 353] 27 1017617810 1476821390 True
[2, 5, 11, 73, 359] 25 1057976590 1467329930 True
[2, 5, 11, 73, 367] 21 1099234730 1446981910 True
[2, 5, 11, 73, 373] 18 1135177010 1434696010 True
[2, 5, 11, 73, 379] 16 1165610710 1421253790 True
[2, 5, 11, 73, 383] 15 1196365610 1436253830 True
[2, 5, 11, 73, 389] 11 1240096990 1427517190 True
[2, 5, 11, 73, 397] 8 1278351910 1412244130 True
[2, 5, 11, 73, 401] 7 1316992270 1426473290 True
[2, 5, 11, 73, 409] 4 1376109130 1422088910 True
[2, 5, 11, 73, 419] 1 1416483970 1416483970 True
[2, 5, 11, 73, 421] 0 -- -- False
[2, 5, 11, 73] 9780 123686090 110380516510 True
[2, 5, 11, 79, 79] 1 118766230 118766230 True
[2, 5, 11, 79, 173] 13839 260083010 226000108730 True
[2, 5, 11, 79, 179] 631 281547310 7794660610 True
[2, 5, 11, 79, 181] 490 300421990 6028887370 True
[2, 5, 11, 79, 191] 237 320339470 3005879690 True
[2, 5, 11, 79, 193] 216 330402490 2779070690 True
[2, 5, 11, 79, 197] 178 340674070 2412109370 True
[2, 5, 11, 79, 199] 169 364884410 2280959890 True
[2, 5, 11, 79, 211] 115 408890570 1747411270 True
[2, 5, 11, 79, 223] 88 439896490 1490222030 True
[2, 5, 11, 79, 227] 79 451732270 1418320970 True
[2, 5, 11, 79, 229] 76 463672330 1394997010 True
[2, 5, 11, 79, 233] 70 483920030 1338372970 True
[2, 5, 11, 79, 239] 62 500535310 1285607290 True
[2, 5, 11, 79, 241] 59 525666790 1283799770 True
[2, 5, 11, 79, 251] 47 560565830 1193110930 True
[2, 5, 11, 79, 257] 44 587365790 1168031590 True
[2, 5, 11, 79, 263] 40 614791430 1149591410 True
[2, 5, 11, 79, 269] 35 633492310 1119715190 True
[2, 5, 11, 79, 271] 33 652332230 1099780330 True
[2, 5, 11, 79, 277] 30 676403530 1109686930 True
[2, 5, 11, 79, 281] 27 691054870 1096408610 True
[2, 5, 11, 79, 283] 25 720566110 1089456610 True
[2, 5, 11, 79, 293] 20 781674190 1071937570 True
[2, 5, 11, 79, 307] 14 829695130 1037785870 True
[2, 5, 11, 79, 311] 13 845910670 1051307510 True
[2, 5, 11, 79, 313] 11 862230490 1041748510 True
[2, 5, 11, 79, 317] 9 911815630 1044042670 True
[2, 5, 11, 79, 331] 5 969343430 1032624010 True
[2, 5, 11, 79, 337] 3 1016199910 1033771090 True
[2, 5, 11, 79, 347] 0 -- -- False
[2, 5, 11, 79] 16666 118766230 226000108730 True
[2, 5, 11, 83, 83] 1 118973030 118973030 True
[2, 5, 11, 83, 157] 4370 225045370 60428265370 True
[2, 5, 11, 83, 163] 501 248527730 5787570910 True
[2, 5, 11, 83, 167] 328 263774830 3776706670 True
[2, 5, 11, 83, 173] 219 282728710 2585625130 True
[2, 5, 11, 83, 179] 162 295802870 2021591990 True
[2, 5, 11, 83, 181] 149 315633230 1905367090 True
[2, 5, 11, 83, 191] 107 336559190 1504925290 True
[2, 5, 11, 83, 193] 101 347131730 1460772610 True
[2, 5, 11, 83, 197] 90 357923390 1368742210 True
[2, 5, 11, 83, 199] 84 383359570 1331765710 True
[2, 5, 11, 83, 211] 64 429593890 1169343010 True
[2, 5, 11, 83, 223] 51 462169730 1064822770 True
[2, 5, 11, 83, 227] 47 474604790 1042472530 True
[2, 5, 11, 83, 229] 44 487149410 1026568070 True
[2, 5, 11, 83, 233] 40 508422310 993444430 True
[2, 5, 11, 83, 239] 35 525878870 979749430 True
[2, 5, 11, 83, 241] 33 552282830 974746190 True
[2, 5, 11, 83, 251] 26 588948910 937276670 True
[2, 5, 11, 83, 257] 24 617105830 940910410 True
[2, 5, 11, 83, 263] 20 645920110 919655770 True
[2, 5, 11, 83, 269] 17 665567870 916076810 True
[2, 5, 11, 83, 271] 15 685361710 908042410 True
[2, 5, 11, 83, 277] 13 710651810 907914590 True
[2, 5, 11, 83, 281] 11 726044990 905632090 True
[2, 5, 11, 83, 283] 9 757050470 901742710 True
[2, 5, 11, 83, 293] 5 821252630 885454790 True
[2, 5, 11, 83, 307] 3 871705010 888522470 True
[2, 5, 11, 83, 311] 1 888741590 888741590 True
[2, 5, 11, 83, 313] 0 -- -- False
[2, 5, 11, 83] 6570 118973030 60428265370 True
[2, 5, 11, 89, 89] 1 121112090 121112090 True
[2, 5, 11, 89, 139] 12639 189152590 185164055890 True
[2, 5, 11, 89, 149] 275 220265210 2994731630 True
[2, 5, 11, 89, 151] 234 232091530 2561876570 True
[2, 5, 11, 89, 157] 160 250535890 1845973030 True
[2, 5, 11, 89, 163] 122 266493590 1501619570 True
[2, 5, 11, 89, 167] 105 282842890 1352087110 True
[2, 5, 11, 89, 173] 86 303166930 1187262670 True
[2, 5, 11, 89, 179] 73 317186210 1084741790 True
[2, 5, 11, 89, 181] 67 338450090 1061422010 True
[2, 5, 11, 89, 191] 54 360888770 951774010 True
[2, 5, 11, 89, 193] 50 372225590 927729770 True
[2, 5, 11, 89, 197] 46 383797370 900670210 True
[2, 5, 11, 89, 199] 43 411072310 898124810 True
[2, 5, 11, 89, 211] 32 460648870 828341690 True
[2, 5, 11, 89, 223] 25 495579590 801223390 True
[2, 5, 11, 89, 227] 23 508913570 797816470 True
[2, 5, 11, 89, 229] 21 522365030 791394230 True
[2, 5, 11, 89, 233] 17 545175730 768720590 True
[2, 5, 11, 89, 239] 15 563894210 774477110 True
[2, 5, 11, 89, 241] 13 592206890 747926630 True
[2, 5, 11, 89, 251] 10 631523530 764217190 True
[2, 5, 11, 89, 257] 7 661715890 737196790 True
[2, 5, 11, 89, 263] 6 692613130 754407610 True
[2, 5, 11, 89, 269] 4 713681210 745283330 True
[2, 5, 11, 89, 271] 3 734905930 750824470 True
[2, 5, 11, 89, 277] 0 -- -- False
[2, 5, 11, 89] 14131 121112090 185164055890 True
[2, 5, 11, 97, 97] 0 -- -- True
[2, 5, 11, 97, 127] 522 177516790 5429845630 True
[2, 5, 11, 97, 131] 277 191494490 2850053030 True
[2, 5, 11, 97, 137] 166 203188810 1778998430 True
[2, 5, 11, 97, 139] 146 220986370 1585465970 True
[2, 5, 11, 97, 149] 92 240064330 1127189470 True
[2, 5, 11, 97, 151] 85 252953690 1064983370 True
[2, 5, 11, 97, 157] 68 273055970 956533490 True
[2, 5, 11, 97, 163] 58 290448070 874822630 True
[2, 5, 11, 97, 167] 52 308266970 832142630 True
[2, 5, 11, 97, 173] 42 330417890 777128110 True
[2, 5, 11, 97, 179] 36 345697330 742962770 True
[2, 5, 11, 97, 181] 34 368872570 739676410 True
[2, 5, 11, 97, 191] 26 393328210 707175590 True
[2, 5, 11, 97, 193] 24 405684070 693987470 True
[2, 5, 11, 97, 197] 21 418296010 666330830 True
[2, 5, 11, 97, 199] 20 448022630 673095610 True
[2, 5, 11, 97, 211] 15 502055510 659651410 True
[2, 5, 11, 97, 223] 10 540126070 644820110 True
[2, 5, 11, 97, 227] 8 554658610 651542210 True
[2, 5, 11, 97, 229] 6 569319190 642622090 True
[2, 5, 11, 97, 233] 4 594180290 638930270 True
[2, 5, 11, 97, 239] 2 614581330 640082630 True
[2, 5, 11, 97, 241] 1 645438970 645438970 True
[2, 5, 11, 97, 251] 0 -- -- False
[2, 5, 11, 97] 1715 177516790 5429845630 True
[2, 5, 11, 101, 101] 0 -- -- True
[2, 5, 11, 101, 127] 210 184837070 2148907310 True
[2, 5, 11, 101, 131] 155 199391170 1625692970 True
[2, 5, 11, 101, 137] 108 211567730 1234398770 True
[2, 5, 11, 101, 139] 99 230099210 1159761790 True
[2, 5, 11, 101, 149] 66 249963890 905498330 True
[2, 5, 11, 101, 151] 63 263384770 877390030 True
[2, 5, 11, 101, 157] 53 284316010 807597010 True
[2, 5, 11, 101, 163] 43 302425310 758779670 True
[2, 5, 11, 101, 167] 38 320979010 721738930 True
[2, 5, 11, 101, 173] 32 344043370 690008770 True
[2, 5, 11, 101, 179] 27 359952890 670188530 True
[2, 5, 11, 101, 181] 25 384083810 665611210 True
[2, 5, 11, 101, 191] 19 409547930 621748930 True
[2, 5, 11, 101, 193] 18 422413310 628259390 True
[2, 5, 11, 101, 197] 16 435545330 619393610 True
[2, 5, 11, 101, 199] 15 466497790 625681870 True
[2, 5, 11, 101, 211] 9 522758830 616527230 True
[2, 5, 11, 101, 223] 5 562399310 597084730 True
[2, 5, 11, 101, 227] 4 577531130 607794770 True
[2, 5, 11, 101, 229] 3 592796270 613149790 True
[2, 5, 11, 101, 233] 0 -- -- False
[2, 5, 11, 101] 1008 184837070 2148907310 True
[2, 5, 11, 103, 103] 0 -- -- True
[2, 5, 11, 103, 127] 163 188497210 1699352710 True
[2, 5, 11, 103, 131] 125 203339510 1364007370 True
[2, 5, 11, 103, 137] 93 215757190 1088099210 True
[2, 5, 11, 103, 139] 85 234655630 1028390110 True
[2, 5, 11, 103, 149] 60 254913670 842396830 True
[2, 5, 11, 103, 151] 55 268600310 798957610 True
[2, 5, 11, 103, 157] 45 289946030 748879010 True
[2, 5, 11, 103, 163] 38 308413930 707320570 True
[2, 5, 11, 103, 167] 34 327335030 694404370 True
[2, 5, 11, 103, 173] 28 350856110 660550330 True
[2, 5, 11, 103, 179] 25 367080670 642898190 True
[2, 5, 11, 103, 181] 23 391689430 641878490 True
[2, 5, 11, 103, 191] 18 417657790 612420490 True
[2, 5, 11, 103, 193] 17 430777930 618833270 True
[2, 5, 11, 103, 197] 13 444169990 604874710 True
[2, 5, 11, 103, 199] 12 475735370 611015570 True
[2, 5, 11, 103, 211] 7 533110490 600048130 True
[2, 5, 11, 103, 223] 3 573535930 588695470 True
[2, 5, 11, 103, 227] 1 588967390 588967390 True
[2, 5, 11, 103, 229] 0 -- -- False
[2, 5, 11, 103] 845 188497210 1699352710 True
[2, 5, 11, 107, 107] 0 -- -- True
[2, 5, 11, 107, 113] 550 168911270 5627272310 True
[2, 5, 11, 107, 127] 114 195817490 1239180910 True
[2, 5, 11, 107, 131] 93 211236190 1065432170 True
[2, 5, 11, 107, 137] 70 224136110 907831870 True
[2, 5, 11, 107, 139] 65 243768470 855643690 True
[2, 5, 11, 107, 149] 47 264813230 738320330 True
[2, 5, 11, 107, 151] 43 279031390 712685270 True
[2, 5, 11, 107, 157] 36 301206070 678175630 True
[2, 5, 11, 107, 163] 30 320391170 646537870 True
[2, 5, 11, 107, 167] 27 340047070 623092030 True
[2, 5, 11, 107, 173] 22 364481590 596609530 True
[2, 5, 11, 107, 179] 20 381336230 596232890 True
[2, 5, 11, 107, 181] 18 406900670 598633970 True
[2, 5, 11, 107, 191] 12 433877510 577753990 True
[2, 5, 11, 107, 193] 11 447507170 583803770 True
[2, 5, 11, 107, 197] 8 461419310 558804290 True
[2, 5, 11, 107, 199] 7 494210530 564477430 True
[2, 5, 11, 107, 211] 3 553813810 568714630 True
[2, 5, 11, 107, 223] 0 -- -- False
[2, 5, 11, 107] 1176 168911270 5627272310 True
[2, 5, 11, 109, 109] 0 -- -- False
[2, 5, 11, 109, 113] 334 172068490 3331625330 True
[2, 5, 11, 109, 127] 98 199477630 1107024710 True
[2, 5, 11, 109, 131] 82 215184530 972257110 True
[2, 5, 11, 109, 137] 64 228325570 836098670 True
[2, 5, 11, 109, 139] 59 248324890 811639070 True
[2, 5, 11, 109, 149] 42 269763010 694952390 True
[2, 5, 11, 109, 151] 39 284246930 686175710 True
[2, 5, 11, 109, 157] 32 306836090 653203210 True
[2, 5, 11, 109, 163] 28 326379790 619535290 True
[2, 5, 11, 109, 167] 24 346403090 614715310 True
[2, 5, 11, 109, 173] 21 371294330 587018410 True
[2, 5, 11, 109, 179] 17 388464010 581622910 True
[2, 5, 11, 109, 181] 15 414506290 583781110 True
[2, 5, 11, 109, 191] 10 441987370 551911690 True
[2, 5, 11, 109, 193] 9 455871790 557690870 True
[2, 5, 11, 109, 197] 7 470043970 564525170 True
[2, 5, 11, 109, 199] 5 503448110 555940330 True
[2, 5, 11, 109, 211] 0 -- -- False
[2, 5, 11, 109] 886 172068490 3331625330 True
[2, 5, 11, 113, 113] 0 -- -- False
[2, 5, 11, 113, 127] 76 206797910 926644070 True
[2, 5, 11, 113, 131] 65 223081210 828819970 True
[2, 5, 11, 113, 137] 52 236704490 747577490 True
[2, 5, 11, 113, 139] 48 257437730 727391170 True
[2, 5, 11, 113, 149] 35 279662570 646372430 True
[2, 5, 11, 113, 151] 32 294678010 632525410 True
[2, 5, 11, 113, 157] 28 318096130 610822630 True
[2, 5, 11, 113, 163] 23 338357030 573383470 True
[2, 5, 11, 113, 167] 20 359115130 574999370 True
[2, 5, 11, 113, 173] 16 384919810 565552570 True
[2, 5, 11, 113, 179] 13 402719570 558467470 True
[2, 5, 11, 113, 181] 11 429717530 542209030 True
[2, 5, 11, 113, 191] 7 458207090 543675770 True
[2, 5, 11, 113, 193] 5 472601030 544570730 True
[2, 5, 11, 113, 197] 2 487293290 516677810 True
[2, 5, 11, 113, 199] 1 521923270 521923270 True
[2, 5, 11, 113, 211] 0 -- -- False
[2, 5, 11, 113] 434 206797910 926644070 True
[2, 5, 11, 127, 127] 0 -- -- False
[2, 5, 11, 127, 131] 36 250719590 616733590 True
[2, 5, 11, 127, 137] 30 266030710 587564230 True
[2, 5, 11, 127, 139] 28 289332670 568956190 True
[2, 5, 11, 127, 149] 20 314311030 534953210 True
[2, 5, 11, 127, 151] 18 331186790 529476970 True
[2, 5, 11, 127, 157] 15 357506270 524196310 True
[2, 5, 11, 127, 163] 11 380277370 516903970 True
[2, 5, 11, 127, 167] 8 403607270 492260890 True
[2, 5, 11, 127, 173] 6 432608990 480945190 True
[2, 5, 11, 127, 179] 5 452614030 497625370 True
[2, 5, 11, 127, 181] 4 482956870 503185430 True
[2, 5, 11, 127, 191] 0 -- -- False
[2, 5, 11, 127] 181 250719590 616733590 True
[2, 5, 11, 131, 131] 0 -- -- False
[2, 5, 11, 131, 137] 28 274409630 558690110 True
[2, 5, 11, 131, 139] 25 298445510 554828230 True
[2, 5, 11, 131, 149] 18 324210590 517448690 True
[2, 5, 11, 131, 151] 16 341617870 520042490 True
[2, 5, 11, 131, 157] 12 368766310 513557990 True
[2, 5, 11, 131, 163] 9 392254610 495603130 True
[2, 5, 11, 131, 167] 7 416319310 478887530 True
[2, 5, 11, 131, 173] 6 446234470 496093070 True
[2, 5, 11, 131, 179] 2 466869590 492663490 True
[2, 5, 11, 131, 181] 0 -- -- False
[2, 5, 11, 131] 123 274409630 558690110 True
[2, 5, 11, 137, 137] 0 -- -- False
[2, 5, 11, 137, 139] 20 312114770 525777230 True
[2, 5, 11, 137, 149] 14 339059930 509712610 True
[2, 5, 11, 137, 151] 11 357264490 480145270 True
[2, 5, 11, 137, 157] 10 385656370 499223890 True
[2, 5, 11, 137, 163] 8 410220470 488825590 True
[2, 5, 11, 137, 167] 5 435387370 485721170 True
[2, 5, 11, 137, 173] 2 466672690 471886910 True
[2, 5, 11, 137, 179] 1 488252930 488252930 True
[2, 5, 11, 137, 181] 0 -- -- False
[2, 5, 11, 137] 71 312114770 525777230 True
[2, 5, 11, 139, 139] 0 -- -- False
[2, 5, 11, 139, 149] 12 344009710 480702310 True
[2, 5, 11, 139, 151] 11 362480030 487154690 True
[2, 5, 11, 139, 157] 9 391286390 477705470 True
[2, 5, 11, 139, 163] 6 416209090 481008110 True
[2, 5, 11, 139, 167] 4 441743390 487705130 True
[2, 5, 11, 139, 173] 2 473485430 478775770 True
[2, 5, 11, 139, 179] 0 -- -- False
[2, 5, 11, 139] 44 344009710 487705130 True
[2, 5, 11, 149, 149] 0 -- -- False
[2, 5, 11, 149, 151] 9 388557730 487553330 True
[2, 5, 11, 149, 157] 5 419436490 465754630 True
[2, 5, 11, 149, 163] 3 446152190 478211030 True
[2, 5, 11, 149, 167] 1 473523490 473523490 True
[2, 5, 11, 149, 173] 0 -- -- False
[2, 5, 11, 149] 18 388557730 487553330 True
[2, 5, 11, 151, 151] 0 -- -- False
[2, 5, 11, 151, 157] 5 425066510 472006370 True
[2, 5, 11, 151, 163] 2 452140810 468385390 True
[2, 5, 11, 151, 167] 0 -- -- False
[2, 5, 11, 151] 7 425066510 472006370 True
[2, 5, 11, 157, 157] 0 -- -- False
[2, 5, 11, 157, 163] 1 470106670 470106670 True
[2, 5, 11, 157, 167] 0 -- -- False
[2, 5, 11, 157] 1 470106670 470106670 True
[2, 5, 11, 163, 163] 0 -- -- False
[2, 5, 11, 163, 167] 0 -- -- False
[2, 5, 11, 163] 0 -- -- False
[2, 5, 11] 177298 1291070 1033018168270 True
[2, 5, 13, 13, 13] 0 -- -- True
[2, 5, 13, 13, 41] 74 10324210 41088970 True
[2, 5, 13, 13, 43] 41 9229090 25652510 True
[2, 5, 13, 13, 47] 22 8022430 16759730 True
[2, 5, 13, 13, 53] 12 7434310 12450230 True
[2, 5, 13, 13, 59] 10 7079410 10868390 True
[2, 5, 13, 13, 61] 9 6907030 10618270 True
[2, 5, 13, 13, 67] 5 8039330 10077470 True
[2, 5, 13, 13, 71] 3 8759270 9959170 True
[2, 5, 13, 13, 73] 1 9746230 9746230 True
[2, 5, 13, 13, 79] 0 -- -- False
[2, 5, 13, 13] 177 6907030 41088970 True
[2, 5, 13, 37, 37] 8 39687310 45738290 True
[2, 5, 13, 37, 223] 1079 243487010 9725536210 True
[2, 5, 13, 37, 227] 653 250038230 5783635390 True
[2, 5, 13, 37, 229] 549 256647170 4843251530 True
[2, 5, 13, 37, 233] 415 267854470 3712978490 True
[2, 5, 13, 37, 239] 310 277051190 2806149190 True
[2, 5, 13, 37, 241] 282 290961710 2609381710 True
[2, 5, 13, 37, 251] 205 310278670 1976366470 True
[2, 5, 13, 37, 257] 169 325112710 1759069910 True
[2, 5, 13, 37, 263] 149 340293070 1592672770 True
[2, 5, 13, 37, 269] 132 350644190 1460801810 True
[2, 5, 13, 37, 271] 128 361072270 1445592590 True
[2, 5, 13, 37, 277] 112 374395970 1357685030 True
[2, 5, 13, 37, 281] 103 382505630 1307006870 True
[2, 5, 13, 37, 283] 99 398840390 1280917430 True
[2, 5, 13, 37, 293] 84 432664310 1182427870 True
[2, 5, 13, 37, 307] 69 459244370 1097165810 True
[2, 5, 13, 37, 311] 65 468219830 1087526570 True
[2, 5, 13, 37, 313] 62 477253010 1067420770 True
[2, 5, 13, 37, 317] 59 504698870 1053616070 True
[2, 5, 13, 37, 331] 48 536541070 1004621410 True
[2, 5, 13, 37, 337] 44 562476590 993654610 True
[2, 5, 13, 37, 347] 37 582505430 963053390 True
[2, 5, 13, 37, 349] 36 592577570 968604130 True
[2, 5, 13, 37, 353] 33 609556870 966122170 True
[2, 5, 13, 37, 359] 29 633731930 944554130 True
[2, 5, 13, 37, 367] 26 658445710 923236210 True
[2, 5, 13, 37, 373] 25 679975270 938329990 True
[2, 5, 13, 37, 379] 22 698205170 927901910 True
[2, 5, 13, 37, 383] 20 716627470 926641690 True
[2, 5, 13, 37, 389] 17 742822730 918705190 True
[2, 5, 13, 37, 397] 14 765737570 914684030 True
[2, 5, 13, 37, 401] 12 788883290 900754270 True
[2, 5, 13, 37, 409] 10 824294510 910855270 True
[2, 5, 13, 37, 419] 6 848479190 904910110 True
[2, 5, 13, 37, 421] 5 872779310 909229490 True
[2, 5, 13, 37, 431] 2 897656630 910095290 True
[2, 5, 13, 37, 433] 0 -- -- False
[2, 5, 13, 37] 5118 39687310 9725536210 True
[2, 5, 13, 41, 41] 2 32560970 32998030 True
[2, 5, 13, 41, 149] 289 119919670 1701906310 True
[2, 5, 13, 41, 151] 243 126358310 1449498830 True
[2, 5, 13, 41, 157] 166 136400030 1035133970 True
[2, 5, 13, 41, 163] 124 145087930 827956870 True
[2, 5, 13, 41, 167] 107 153989030 746802290 True
[2, 5, 13, 41, 173] 87 165054110 653761810 True
[2, 5, 13, 41, 179] 73 172686670 590569330 True
[2, 5, 13, 41, 181] 69 184263430 585591110 True
[2, 5, 13, 41, 191] 54 196479790 518177270 True
[2, 5, 13, 41, 193] 51 202651930 513316310 True
[2, 5, 13, 41, 197] 46 208951990 490354670 True
[2, 5, 13, 41, 199] 44 223801370 491090210 True
[2, 5, 13, 41, 211] 33 250792490 459973670 True
[2, 5, 13, 41, 223] 25 269809930 436212530 True
[2, 5, 13, 41, 227] 23 277069390 434357690 True
[2, 5, 13, 41, 229] 21 284392810 430861210 True
[2, 5, 13, 41, 233] 18 296811710 430935830 True
[2, 5, 13, 41, 239] 15 307002670 421650970 True
[2, 5, 13, 41, 241] 14 322417030 425179430 True
[2, 5, 13, 41, 251] 11 343822310 418740790 True
[2, 5, 13, 41, 257] 7 360260030 401354330 True
[2, 5, 13, 41, 263] 6 377081510 410724470 True
[2, 5, 13, 41, 269] 4 388551670 405756910 True
[2, 5, 13, 41, 271] 3 400107110 408773690 True
[2, 5, 13, 41, 277] 1 414871210 414871210 True
[2, 5, 13, 41, 281] 0 -- -- False
[2, 5, 13, 41] 1536 32560970 1701906310 True
[2, 5, 13, 43, 43] 1 30526990 30526990 True
[2, 5, 13, 43, 127] 322 93000830 1690343330 True
[2, 5, 13, 43, 131] 208 100323730 1106490190 True
[2, 5, 13, 43, 137] 136 106450370 772722470 True
[2, 5, 13, 43, 139] 122 115774490 707856110 True
[2, 5, 13, 43, 149] 80 125769410 525566210 True
[2, 5, 13, 43, 151] 74 132522130 507298090 True
[2, 5, 13, 43, 157] 61 143053690 457245230 True
[2, 5, 13, 43, 163] 52 152165390 421871710 True
[2, 5, 13, 43, 167] 45 161500690 404218490 True
[2, 5, 13, 43, 173] 38 173105530 383926790 True
[2, 5, 13, 43, 179] 32 181110410 367223870 True
[2, 5, 13, 43, 181] 30 193251890 363232610 True
[2, 5, 13, 43, 191] 23 206064170 338457730 True
[2, 5, 13, 43, 193] 22 212537390 342001790 True
[2, 5, 13, 43, 197] 19 219144770 342482530 True
[2, 5, 13, 43, 199] 17 234718510 341509870 True
[2, 5, 13, 43, 211] 13 263026270 331436690 True
[2, 5, 13, 43, 223] 8 282971390 327847910 True
[2, 5, 13, 43, 227] 6 290584970 326115010 True
[2, 5, 13, 43, 229] 4 298265630 321307610 True
[2, 5, 13, 43, 233] 2 311290330 313895270 True
[2, 5, 13, 43, 239] 1 321978410 321978410 True
[2, 5, 13, 43, 241] 0 -- -- False
[2, 5, 13, 43] 1316 30526990 1690343330 True
[2, 5, 13, 47, 47] 1 29004170 29004170 True
[2, 5, 13, 47, 101] 391 63562330 1776659690 True
[2, 5, 13, 47, 103] 256 67338310 1162372510 True
[2, 5, 13, 47, 107] 158 71260930 725030930 True
[2, 5, 13, 47, 109] 130 75256870 624032630 True
[2, 5, 13, 47, 113] 98 87684610 496419170 True
[2, 5, 13, 47, 127] 51 101652070 326683370 True
[2, 5, 13, 47, 131] 44 109656170 306557030 True
[2, 5, 13, 47, 137] 35 116352730 282092590 True
[2, 5, 13, 47, 139] 32 126544210 269224930 True
[2, 5, 13, 47, 149] 26 137468890 257640370 True
[2, 5, 13, 47, 151] 23 144849770 255562970 True
[2, 5, 13, 47, 157] 18 156361010 246532390 True
[2, 5, 13, 47, 163] 15 166320310 240019130 True
[2, 5, 13, 47, 167] 12 176524010 237746210 True
[2, 5, 13, 47, 173] 8 189208370 235717690 True
[2, 5, 13, 47, 179] 6 197957890 230768590 True
[2, 5, 13, 47, 181] 5 211228810 233347010 True
[2, 5, 13, 47, 191] 3 225232930 232234990 True
[2, 5, 13, 47, 193] 1 232308310 232308310 True
[2, 5, 13, 47, 197] 0 -- -- False
[2, 5, 13, 47] 1313 29004170 1776659690 True
[2, 5, 13, 53, 53] 0 -- -- True
[2, 5, 13, 53, 83] 244 50896430 977325830 True
[2, 5, 13, 53, 89] 104 59481370 440897990 True
[2, 5, 13, 53, 97] 59 67501330 289386890 True
[2, 5, 13, 53, 101] 47 71676670 255391630 True
[2, 5, 13, 53, 103] 41 75934690 239158790 True
[2, 5, 13, 53, 107] 34 80358070 216008390 True
[2, 5, 13, 53, 109] 32 84864130 212535830 True
[2, 5, 13, 53, 113] 26 98878390 204763910 True
[2, 5, 13, 53, 127] 16 114628930 184631330 True
[2, 5, 13, 53, 131] 14 123654830 179615410 True
[2, 5, 13, 53, 137] 9 131206270 170851330 True
[2, 5, 13, 53, 139] 8 142698790 173345510 True
[2, 5, 13, 53, 149] 4 155018110 171443870 True
[2, 5, 13, 53, 151] 3 163341230 173745130 True
[2, 5, 13, 53, 157] 0 -- -- False
[2, 5, 13, 53] 641 50896430 977325830 True
[2, 5, 13, 59, 59] 0 -- -- True
[2, 5, 13, 59, 71] 306 39753610 1176815770 True
[2, 5, 13, 59, 73] 174 44232890 664613170 True
[2, 5, 13, 59, 79] 77 50292190 316901390 True
[2, 5, 13, 59, 83] 56 56658290 255280610 True
[2, 5, 13, 59, 89] 38 66215110 200010590 True
[2, 5, 13, 59, 97] 26 75142990 173349670 True
[2, 5, 13, 59, 101] 21 79791010 163455370 True
[2, 5, 13, 59, 103] 19 84531070 157211990 True
[2, 5, 13, 59, 107] 16 89455210 158393170 True
[2, 5, 13, 59, 109] 13 94471390 151321430 True
[2, 5, 13, 59, 113] 10 110072170 149940830 True
[2, 5, 13, 59, 127] 4 127605790 145139410 True
[2, 5, 13, 59, 131] 2 137653490 139663030 True
[2, 5, 13, 59, 137] 0 -- -- False
[2, 5, 13, 59] 762 39753610 1176815770 True
[2, 5, 13, 61, 61] 1 32409910 32409910 True
[2, 5, 13, 61, 67] 725 35597770 3002432810 True
[2, 5, 13, 61, 71] 147 41101190 557962730 True
[2, 5, 13, 61, 73] 107 45732310 416221910 True
[2, 5, 13, 61, 79] 58 51997010 256226230 True
[2, 5, 13, 61, 83] 44 58578910 217860890 True
[2, 5, 13, 61, 89] 31 68459690 181382890 True
[2, 5, 13, 61, 97] 21 77690210 153072790 True
[2, 5, 13, 61, 101] 18 82495790 154579490 True
[2, 5, 13, 61, 103] 15 87396530 147838990 True
[2, 5, 13, 61, 107] 12 92487590 146792230 True
[2, 5, 13, 61, 109] 10 97673810 144349790 True
[2, 5, 13, 61, 113] 7 113803430 140686130 True
[2, 5, 13, 61, 127] 3 131931410 139988290 True
[2, 5, 13, 61, 131] 0 -- -- False
[2, 5, 13, 61] 1199 32409910 3002432810 True
[2, 5, 13, 67, 67] 0 -- -- False
[2, 5, 13, 67, 71] 59 45143930 247982410 True
[2, 5, 13, 67, 73] 49 50230570 221904670 True
[2, 5, 13, 67, 79] 33 57111470 176839130 True
[2, 5, 13, 67, 83] 25 64340770 161213390 True
[2, 5, 13, 67, 89] 18 75193430 140309390 True
[2, 5, 13, 67, 97] 12 85331870 132644590 True
[2, 5, 13, 67, 101] 10 90610130 132836210 True
[2, 5, 13, 67, 103] 7 95992910 124701070 True
[2, 5, 13, 67, 107] 6 101584730 129543830 True
[2, 5, 13, 67, 109] 3 107281070 124370090 True
[2, 5, 13, 67, 113] 1 124997210 124997210 True
[2, 5, 13, 67, 127] 0 -- -- False
[2, 5, 13, 67] 223 45143930 247982410 True
[2, 5, 13, 71, 71] 0 -- -- False
[2, 5, 13, 71, 73] 37 53229410 182597090 True
[2, 5, 13, 71, 79] 25 60521110 153854870 True
[2, 5, 13, 71, 83] 19 68182010 138662290 True
[2, 5, 13, 71, 89] 14 79682590 133899610 True
[2, 5, 13, 71, 97] 9 90426310 124448090 True
[2, 5, 13, 71, 101] 6 96019690 122122130 True
[2, 5, 13, 71, 103] 5 101723830 124540390 True
[2, 5, 13, 71, 107] 2 107649490 111599930 True
[2, 5, 13, 71, 109] 1 113685910 113685910 True
[2, 5, 13, 71, 113] 0 -- -- False
[2, 5, 13, 71] 118 53229410 182597090 True
[2, 5, 13, 73, 73] 0 -- -- False
[2, 5, 13, 73, 79] 22 62225930 144694030 True
[2, 5, 13, 73, 83] 17 70102630 136266910 True
[2, 5, 13, 73, 89] 12 81927170 127536110 True
[2, 5, 13, 73, 97] 7 92973530 120589430 True
[2, 5, 13, 73, 101] 5 98724470 121728230 True
[2, 5, 13, 73, 103] 3 104589290 110454110 True
[2, 5, 13, 73, 107] 2 110681870 114743590 True
[2, 5, 13, 73, 109] 1 116888330 116888330 True
[2, 5, 13, 73, 113] 0 -- -- False
[2, 5, 13, 73] 69 62225930 144694030 True
[2, 5, 13, 79, 79] 0 -- -- False
[2, 5, 13, 79, 83] 11 75864490 118484990 True
[2, 5, 13, 79, 89] 8 88660910 119737930 True
[2, 5, 13, 79, 97] 5 100615190 112569470 True
[2, 5, 13, 79, 101] 3 106838810 113062430 True
[2, 5, 13, 79, 103] 2 113185670 115301290 True
[2, 5, 13, 79, 107] 0 -- -- False
[2, 5, 13, 79] 29 75864490 119737930 True
[2, 5, 13, 83, 83] 0 -- -- False
[2, 5, 13, 83, 89] 6 93150070 108515030 True
[2, 5, 13, 83, 97] 4 105709630 114082670 True
[2, 5, 13, 83, 101] 1 112248370 112248370 True
[2, 5, 13, 83, 103] 0 -- -- False
[2, 5, 13, 83] 11 93150070 114082670 True
[2, 5, 13, 89, 89] 0 -- -- False
[2, 5, 13, 89, 97] 1 113351290 113351290 True
[2, 5, 13, 89, 101] 0 -- -- False
[2, 5, 13, 89] 1 113351290 113351290 True
[2, 5, 13, 97, 97] 0 -- -- False
[2, 5, 13, 97, 101] 0 -- -- False
[2, 5, 13, 97] 0 -- -- False
[2, 5, 13] 12513 6907030 9725536210 True
[2, 5, 17, 17, 17] 0 -- -- True
[2, 5, 17, 17, 23] 41 11898130 27850930 True
[2, 5, 17, 17, 29] 5 5950510 7459090 True
[2, 5, 17, 17, 31] 4 5464990 6540070 True
[2, 5, 17, 17, 37] 2 5025710 5667290 True
[2, 5, 17, 17, 41] 2 5095070 5569030 True
[2, 5, 17, 17, 43] 0 -- -- False
[2, 5, 17, 17] 54 5025710 27850930 True
[2, 5, 17, 23, 23] 15 16097470 23112010 True
[2, 5, 17, 23, 179] 1609 126680090 9775363630 True
[2, 5, 17, 23, 181] 911 135172610 5324102330 True
[2, 5, 17, 23, 191] 309 144134330 1775167370 True
[2, 5, 17, 23, 193] 273 148662110 1583968370 True
[2, 5, 17, 23, 197] 224 153283730 1327175210 True
[2, 5, 17, 23, 199] 204 164176990 1231716470 True
[2, 5, 17, 23, 211] 136 183977230 901735930 True
[2, 5, 17, 23, 223] 99 197928110 743756290 True
[2, 5, 17, 23, 227] 90 203253530 707393290 True
[2, 5, 17, 23, 229] 87 208625870 692136470 True
[2, 5, 17, 23, 233] 79 217736170 667784990 True
[2, 5, 17, 23, 239] 71 225212090 632649730 True
[2, 5, 17, 23, 241] 68 236519810 622866910 True
[2, 5, 17, 23, 251] 55 252222370 587864590 True
[2, 5, 17, 23, 257] 48 264280810 565741810 True
[2, 5, 17, 23, 263] 43 276620770 537816590 True
[2, 5, 17, 23, 269] 40 285035090 535361110 True
[2, 5, 17, 23, 271] 39 293511970 539341490 True
[2, 5, 17, 23, 277] 34 304342670 527455090 True
[2, 5, 17, 23, 281] 31 310934930 513097570 True
[2, 5, 17, 23, 283] 30 324213290 516749510 True
[2, 5, 17, 23, 293] 24 351708410 507514090 True
[2, 5, 17, 23, 307] 17 373315070 490951330 True
[2, 5, 17, 23, 311] 16 380611130 497348090 True
[2, 5, 17, 23, 313] 14 387954110 490755830 True
[2, 5, 17, 23, 317] 12 410264570 492069590 True
[2, 5, 17, 23, 331] 8 436148770 490505590 True
[2, 5, 17, 23, 337] 5 457231490 483584890 True
[2, 5, 17, 23, 347] 3 473512730 487080430 True
[2, 5, 17, 23, 349] 2 481700270 489887810 True
[2, 5, 17, 23, 353] 0 -- -- False
[2, 5, 17, 23] 4596 16097470 9775363630 True
[2, 5, 17, 29, 29] 2 10150870 10436810 True
[2, 5, 17, 29, 71] 430 25552190 1113445430 True
[2, 5, 17, 29, 73] 206 28431310 515722370 True
[2, 5, 17, 29, 79] 84 32326010 224724190 True
[2, 5, 17, 29, 83] 59 36417910 172268990 True
[2, 5, 17, 29, 89] 42 42560690 139090090 True
[2, 5, 17, 29, 97] 28 48299210 115248610 True
[2, 5, 17, 29, 101] 22 51286790 111038390 True
[2, 5, 17, 29, 103] 20 54333530 107143690 True
[2, 5, 17, 29, 107] 18 57498590 104974490 True
[2, 5, 17, 29, 109] 14 60722810 102637670 True
[2, 5, 17, 29, 113] 12 70750430 100833290 True
[2, 5, 17, 29, 127] 5 82020410 94542610 True
[2, 5, 17, 29, 131] 2 88478710 89770370 True
[2, 5, 17, 29, 137] 1 93881990 93881990 True
[2, 5, 17, 29, 139] 0 -- -- False
[2, 5, 17, 29] 945 10150870 1113445430 True
[2, 5, 17, 31, 31] 1 9965570 9965570 True
[2, 5, 17, 31, 61] 673 19609670 1664893130 True
[2, 5, 17, 31, 67] 92 25069390 214325630 True
[2, 5, 17, 31, 71] 59 27314410 150042170 True
[2, 5, 17, 31, 73] 49 30392090 134263790 True
[2, 5, 17, 31, 79] 33 34555390 106996810 True
[2, 5, 17, 31, 83] 24 38929490 92293510 True
[2, 5, 17, 31, 89] 18 45495910 84894430 True
[2, 5, 17, 31, 97] 12 51630190 80256830 True
[2, 5, 17, 31, 101] 9 54823810 79308230 True
[2, 5, 17, 31, 103] 7 58080670 75450590 True
[2, 5, 17, 31, 107] 6 61464010 78380710 True
[2, 5, 17, 31, 109] 3 64910590 75250330 True
[2, 5, 17, 31, 113] 1 75629770 75629770 True
[2, 5, 17, 31, 127] 0 -- -- False
[2, 5, 17, 31] 987 9965570 1664893130 True
[2, 5, 17, 37, 37] 1 10938310 10938310 True
[2, 5, 17, 37, 47] 297 15668390 611658470 True
[2, 5, 17, 37, 53] 54 19668830 116346130 True
[2, 5, 17, 37, 59] 30 22637710 78304210 True
[2, 5, 17, 37, 61] 24 25707230 69447890 True
[2, 5, 17, 37, 67] 15 29921530 58578770 True
[2, 5, 17, 37, 71] 12 32601070 58503290 True
[2, 5, 17, 37, 73] 9 36274430 51886210 True
[2, 5, 17, 37, 79] 7 41243530 54163190 True
[2, 5, 17, 37, 83] 4 46464230 53773210 True
[2, 5, 17, 37, 89] 0 -- -- False
[2, 5, 17, 37] 453 10938310 611658470 True
[2, 5, 17, 41, 41] 0 -- -- False
[2, 5, 17, 41, 43] 140 14086370 265842770 True
[2, 5, 17, 41, 47] 51 17362270 103846030 True
[2, 5, 17, 41, 53] 26 21795190 66863210 True
[2, 5, 17, 41, 59] 15 25085030 53871130 True
[2, 5, 17, 41, 61] 12 28486390 48044210 True
[2, 5, 17, 41, 67] 9 33156290 49967930 True
[2, 5, 17, 41, 71] 5 36125510 48002390 True
[2, 5, 17, 41, 73] 3 40195990 45284090 True
[2, 5, 17, 41, 79] 1 45702290 45702290 True
[2, 5, 17, 41, 83] 0 -- -- False
[2, 5, 17, 41] 262 14086370 265842770 True
[2, 5, 17, 43, 43] 0 -- -- False
[2, 5, 17, 43, 47] 37 18209210 82113230 True
[2, 5, 17, 43, 53] 20 22858370 58501930 True
[2, 5, 17, 43, 59] 13 26308690 48735770 True
[2, 5, 17, 43, 61] 11 29875970 48604190 True
[2, 5, 17, 43, 67] 5 34773670 43589530 True
[2, 5, 17, 43, 71] 3 37887730 43077830 True
[2, 5, 17, 43, 73] 2 42156770 44291290 True
[2, 5, 17, 43, 79] 0 -- -- False
[2, 5, 17, 43] 91 18209210 82113230 True
[2, 5, 17, 47, 47] 0 -- -- False
[2, 5, 17, 47, 53] 14 24984730 47852110 True
[2, 5, 17, 47, 59] 7 28756010 41955490 True
[2, 5, 17, 47, 61] 6 32655130 43377710 True
[2, 5, 17, 47, 67] 3 38008430 42291070 True
[2, 5, 17, 47, 71] 1 41412170 41412170 True
[2, 5, 17, 47, 73] 0 -- -- False
[2, 5, 17, 47] 31 24984730 47852110 True
[2, 5, 17, 53, 53] 0 -- -- False
[2, 5, 17, 53, 59] 4 32426990 38806070 True
[2, 5, 17, 53, 61] 3 36823870 40121530 True
[2, 5, 17, 53, 67] 0 -- -- False
[2, 5, 17, 53] 7 32426990 40121530 True
[2, 5, 17, 59, 59] 0 -- -- False
[2, 5, 17, 59, 61] 0 -- -- False
[2, 5, 17, 59] 0 -- -- False
[2, 5, 17] 7426 5025710 9775363630 True
[2, 5, 19, 19, 19] 0 -- -- False
[2, 5, 19, 19, 23] 6 7389670 9050270 True
[2, 5, 19, 19, 29] 1 5548570 5548570 True
[2, 5, 19, 19, 31] 1 5259770 5259770 True
[2, 5, 19, 19, 37] 0 -- -- False
[2, 5, 19, 19] 8 5259770 9050270 True
[2, 5, 19, 23, 23] 3 8945390 10151510 True
[2, 5, 19, 23, 89] 405 37726210 1155511030 True
[2, 5, 19, 23, 97] 114 42812890 337840330 True
[2, 5, 19, 23, 101] 84 45461110 265263370 True
[2, 5, 19, 23, 103] 73 48161770 243509510 True
[2, 5, 19, 23, 107] 59 50967310 209947910 True
[2, 5, 19, 23, 109] 52 53825290 199582270 True
[2, 5, 19, 23, 113] 43 62713870 181228270 True
[2, 5, 19, 23, 127] 27 72703690 150402290 True
[2, 5, 19, 23, 131] 22 78428390 143689970 True
[2, 5, 19, 23, 137] 18 83217910 139494770 True
[2, 5, 19, 23, 139] 16 90507070 139101470 True
[2, 5, 19, 23, 149] 11 98320630 129574870 True
[2, 5, 19, 23, 151] 10 103599590 131314130 True
[2, 5, 19, 23, 157] 7 111832670 132415370 True
[2, 5, 19, 23, 163] 4 118955770 128928110 True
[2, 5, 19, 23, 167] 2 126253670 130632410 True
[2, 5, 19, 23, 173] 0 -- -- False
[2, 5, 19, 23] 950 8945390 1155511030 True
[2, 5, 19, 29, 29] 0 -- -- True
[2, 5, 19, 29, 53] 107 17229770 197704310 True
[2, 5, 19, 29, 59] 45 19830490 95251370 True
[2, 5, 19, 29, 61] 36 22519370 84363610 True
[2, 5, 19, 29, 67] 23 26211070 66819770 True
[2, 5, 19, 29, 71] 17 28558330 61419970 True
[2, 5, 19, 29, 73] 15 31776170 60736730 True
[2, 5, 19, 29, 79] 10 36129070 57022990 True
[2, 5, 19, 29, 83] 7 40702370 51678290 True
[2, 5, 19, 29, 89] 5 47567830 53452510 True
[2, 5, 19, 29, 97] 0 -- -- False
[2, 5, 19, 29] 265 17229770 197704310 True
[2, 5, 19, 31, 31] 0 -- -- True
[2, 5, 19, 31, 47] 123 14671990 217865210 True
[2, 5, 19, 31, 53] 42 18418030 84598070 True
[2, 5, 19, 31, 59] 24 21198110 62204290 True
[2, 5, 19, 31, 61] 20 24072430 58564270 True
[2, 5, 19, 31, 67] 13 28018730 51696530 True
[2, 5, 19, 31, 71] 10 30527870 47255470 True
[2, 5, 19, 31, 73] 9 33967630 48586610 True
[2, 5, 19, 31, 79] 4 38620730 46996310 True
[2, 5, 19, 31, 83] 1 43509430 43509430 True
[2, 5, 19, 31, 89] 0 -- -- False
[2, 5, 19, 31] 246 14671990 217865210 True
[2, 5, 19, 37, 37] 0 -- -- False
[2, 5, 19, 37, 41] 49 12393890 84451390 True
[2, 5, 19, 37, 43] 34 14207630 67410670 True
[2, 5, 19, 37, 47] 22 17511730 51874370 True
[2, 5, 19, 37, 53] 14 21982810 42102670 True
[2, 5, 19, 37, 59] 7 25300970 36914530 True
[2, 5, 19, 37, 61] 6 28731610 38165870 True
[2, 5, 19, 37, 67] 2 33441710 34383730 True
[2, 5, 19, 37, 71] 1 36436490 36436490 True
[2, 5, 19, 37, 73] 0 -- -- False
[2, 5, 19, 37] 135 12393890 84451390 True
[2, 5, 19, 41, 41] 0 -- -- False
[2, 5, 19, 41, 43] 20 15743590 46560830 True
[2, 5, 19, 41, 47] 14 19404890 39908170 True
[2, 5, 19, 41, 53] 7 24359330 34268210 True
[2, 5, 19, 41, 59] 4 28036210 33551530 True
[2, 5, 19, 41, 61] 2 31837730 33738490 True
[2, 5, 19, 41, 67] 0 -- -- False
[2, 5, 19, 41] 47 15743590 46560830 True
[2, 5, 19, 43, 43] 0 -- -- False
[2, 5, 19, 43, 47] 10 20351470 37247030 True
[2, 5, 19, 43, 53] 6 25547590 34207790 True
[2, 5, 19, 43, 59] 2 29403830 32296010 True
[2, 5, 19, 43, 61] 0 -- -- False
[2, 5, 19, 43] 18 20351470 37247030 True
[2, 5, 19, 47, 47] 0 -- -- False
[2, 5, 19, 47, 53] 3 27924110 31710430 True
[2, 5, 19, 47, 59] 1 32139070 32139070 True
[2, 5, 19, 47, 61] 0 -- -- False
[2, 5, 19, 47] 4 27924110 32139070 True
[2, 5, 19, 53, 53] 0 -- -- False
[2, 5, 19, 53, 59] 0 -- -- False
[2, 5, 19, 53] 0 -- -- False
[2, 5, 19] 1673 5259770 1155511030 True
[2, 5, 23, 23, 23] 0 -- -- False
[2, 5, 23, 23, 29] 0 -- -- True
[2, 5, 23, 23, 31] 0 -- -- False
[2, 5, 23, 23] 0 -- -- True
[2, 5, 23, 29, 29] 0 -- -- True
[2, 5, 23, 29, 37] 74 10118390 109327970 True
[2, 5, 23, 29, 41] 33 11759210 54420530 True
[2, 5, 23, 29, 43] 25 13480070 47897270 True
[2, 5, 23, 29, 47] 15 16614970 35424370 True
[2, 5, 23, 29, 53] 9 20857090 34290470 True
[2, 5, 23, 29, 59] 5 24005330 31088870 True
[2, 5, 23, 29, 61] 3 27260290 29701510 True
[2, 5, 23, 29, 67] 0 -- -- False
[2, 5, 23, 29] 164 10118390 109327970 True
[2, 5, 23, 31, 31] 0 -- -- False
[2, 5, 23, 31, 37] 37 10816210 59884870 True
[2, 5, 23, 31, 41] 21 12570190 40633870 True
[2, 5, 23, 31, 43] 16 14409730 34644670 True
[2, 5, 23, 31, 47] 10 17760830 32505670 True
[2, 5, 23, 31, 53] 6 22295510 29853310 True
[2, 5, 23, 31, 59] 2 25660870 28184890 True
[2, 5, 23, 31, 61] 1 29140310 29140310 True
[2, 5, 23, 31, 67] 0 -- -- False
[2, 5, 23, 31] 93 10816210 59884870 True
[2, 5, 23, 37, 37] 0 -- -- False
[2, 5, 23, 37, 41] 9 15003130 27563890 True
[2, 5, 23, 37, 43] 7 17198710 26712890 True
[2, 5, 23, 37, 47] 3 21198410 24398170 True
[2, 5, 23, 37, 53] 0 -- -- False
[2, 5, 23, 37] 19 15003130 27563890 True
[2, 5, 23, 41, 41] 0 -- -- False
[2, 5, 23, 41, 43] 4 19058030 24734890 True
[2, 5, 23, 41, 47] 1 23490130 23490130 True
[2, 5, 23, 41, 53] 0 -- -- False
[2, 5, 23, 41] 5 19058030 24734890 True
[2, 5, 23, 43, 43] 0 -- -- False
[2, 5, 23, 43, 47] 0 -- -- False
[2, 5, 23, 43] 0 -- -- False
[2, 5, 23] 281 10118390 109327970 True
[2, 5, 29, 29, 29] 0 -- -- False
[2, 5, 29, 29, 31] 0 -- -- False
[2, 5, 29, 29] 0 -- -- False
[2, 5, 29, 31, 31] 0 -- -- False
[2, 5, 29, 31, 37] 9 13637830 24281990 True
[2, 5, 29, 31, 41] 5 15849370 22483990 True
[2, 5, 29, 31, 43] 3 18168790 22807630 True
[2, 5, 29, 31, 47] 1 22394090 22394090 True
[2, 5, 29, 31, 53] 0 -- -- False
[2, 5, 29, 31] 18 13637830 24281990 True
[2, 5, 29, 37, 37] 0 -- -- False
[2, 5, 29, 37, 41] 2 18916990 20676710 True
[2, 5, 29, 37, 43] 0 -- -- False
[2, 5, 29, 37] 2 18916990 20676710 True
[2, 5, 29, 41, 41] 0 -- -- False
[2, 5, 29, 41, 43] 0 -- -- False
[2, 5, 29, 41] 0 -- -- False
[2, 5, 29] 20 13637830 24281990 True
[2, 5, 31, 31, 31] 0 -- -- False
[2, 5, 31, 31, 37] 0 -- -- False
[2, 5, 31, 31] 0 -- -- False
[2, 5, 31, 37, 37] 0 -- -- False
[2, 5, 31, 37, 41] 1 20221610 20221610 True
[2, 5, 31, 37, 43] 0 -- -- False
[2, 5, 31, 37] 1 20221610 20221610 True
[2, 5, 31, 41, 41] 0 -- -- False
[2, 5, 31, 41, 43] 0 -- -- False
[2, 5, 31, 41] 0 -- -- False
[2, 5, 31] 1 20221610 20221610 True
[2, 5, 37, 37, 37] 0 -- -- False
[2, 5, 37, 37, 41] 0 -- -- False
[2, 5, 37, 37] 0 -- -- False
[2, 5, 37, 41, 41] 0 -- -- False
[2, 5, 37, 41, 43] 0 -- -- False
[2, 5, 37, 41] 0 -- -- False
[2, 5, 37] 0 -- -- False
[2, 5] 200793 212750 1033018168270 True
[2, 7, 7, 7, 7] 0 -- -- False
[2, 7, 7, 7, 11] 0 -- -- True
[2, 7, 7, 7, 13] 0 -- -- False
[2, 7, 7, 7] 0 -- -- True
[2, 7, 7, 11, 11] 1 272734 272734 True
[2, 7, 7, 11, 23] 22 1016554 3446366 True
[2, 7, 7, 11, 29] 8 969122 1906982 True
[2, 7, 7, 11, 31] 5 1236466 1771154 True
[2, 7, 7, 11, 37] 2 1635326 1715098 True
[2, 7, 7, 11, 41] 0 -- -- False
[2, 7, 7, 11] 38 272734 3446366 True
[2, 7, 7, 13, 13] 1 281554 281554 True
[2, 7, 7, 13, 17] 29 1017926 4136678 True
[2, 7, 7, 13, 19] 13 895622 2154334 True
[2, 7, 7, 13, 23] 6 849758 1377194 True
[2, 7, 7, 13, 29] 1 1145326 1145326 True
[2, 7, 7, 13, 31] 0 -- -- False
[2, 7, 7, 13] 50 281554 4136678 True
[2, 7, 7, 17, 17] 0 -- -- False
[2, 7, 7, 17, 19] 3 728042 981274 True
[2, 7, 7, 17, 23] 0 -- -- False
[2, 7, 7, 17] 3 728042 981274 True
[2, 7, 7, 19, 19] 0 -- -- False
[2, 7, 7, 19, 23] 0 -- -- False
[2, 7, 7, 19] 0 -- -- False
[2, 7, 7] 91 272734 4136678 True
[2, 7, 11, 11, 11] 0 -- -- True
[2, 7, 11, 11, 17] 56 489566 11778382 True
[2, 7, 11, 11, 19] 12 2156462 3637018 True
[2, 7, 11, 11, 23] 4 1597442 2064986 True
[2, 7, 11, 11, 29] 2 1522906 1817662 True
[2, 7, 11, 11, 31] 0 -- -- False
[2, 7, 11, 11] 74 489566 11778382 True
[2, 7, 11, 17, 17] 9 4495106 6186334 True
[2, 7, 11, 17, 101] 959 27235054 2051619262 True
[2, 7, 11, 17, 103] 418 28852978 841590134 True
[2, 7, 11, 17, 107] 205 30533734 412065346 True
[2, 7, 11, 17, 109] 164 32245906 334158902 True
[2, 7, 11, 17, 113] 117 37570918 252346402 True
[2, 7, 11, 17, 127] 60 43555666 155270962 True
[2, 7, 11, 17, 131] 49 46985246 143699402 True
[2, 7, 11, 17, 137] 40 49854574 131630422 True
[2, 7, 11, 17, 139] 37 54221398 128457406 True
[2, 7, 11, 17, 149] 27 58902382 114294026 True
[2, 7, 11, 17, 151] 26 62064926 115828174 True
[2, 7, 11, 17, 157] 21 66997238 111388046 True
[2, 7, 11, 17, 163] 17 71264578 109670638 True
[2, 7, 11, 17, 167] 14 75636638 105366646 True
[2, 7, 11, 17, 173] 11 81071606 105528962 True
[2, 7, 11, 17, 179] 7 84820582 104502706 True
[2, 7, 11, 17, 181] 6 90506878 105670334 True
[2, 7, 11, 17, 191] 3 96507334 99507562 True
[2, 7, 11, 17, 193] 2 99538978 100549526 True
[2, 7, 11, 17, 197] 1 102633454 102633454 True
[2, 7, 11, 17, 199] 0 -- -- False
[2, 7, 11, 17] 2193 4495106 2051619262 True
[2, 7, 11, 19, 19] 3 3724798 4058362 True
[2, 7, 11, 19, 67] 144 13918982 189572614 True
[2, 7, 11, 19, 71] 79 15165458 108651158 True
[2, 7, 11, 19, 73] 65 16874242 94623914 True
[2, 7, 11, 19, 79] 40 19185782 67728122 True
[2, 7, 11, 19, 83] 32 21614362 62414506 True
[2, 7, 11, 19, 89] 23 25260158 54947354 True
[2, 7, 11, 19, 97] 15 28666022 49101206 True
[2, 7, 11, 19, 101] 12 30439178 48170738 True
[2, 7, 11, 19, 103] 10 32247446 47316346 True
[2, 7, 11, 19, 107] 8 34125938 47275382 True
[2, 7, 11, 19, 109] 5 36039542 44331826 True
[2, 7, 11, 19, 113] 4 41991026 45958682 True
[2, 7, 11, 19, 127] 0 -- -- False
[2, 7, 11, 19] 440 3724798 189572614 True
[2, 7, 11, 23, 23] 2 3340106 3503038 True
[2, 7, 11, 23, 41] 300 5954102 300464318 True
[2, 7, 11, 23, 43] 100 7158382 94277414 True
[2, 7, 11, 23, 47] 46 8823122 47112142 True
[2, 7, 11, 23, 53] 23 11075834 31350242 True
[2, 7, 11, 23, 59] 14 12747658 26540206 True
[2, 7, 11, 23, 61] 12 14476154 24415006 True
[2, 7, 11, 23, 67] 7 16849294 23968714 True
[2, 7, 11, 23, 71] 4 18358186 22381898 True
[2, 7, 11, 23, 73] 3 20426714 23012374 True
[2, 7, 11, 23, 79] 0 -- -- False
[2, 7, 11, 23] 511 3340106 300464318 True
[2, 7, 11, 29, 29] 0 -- -- False
[2, 7, 11, 29, 31] 110 5122502 91512806 True
[2, 7, 11, 29, 37] 24 6774922 24951542 True
[2, 7, 11, 29, 41] 15 7873558 19592342 True
[2, 7, 11, 29, 43] 11 9025786 18627686 True
[2, 7, 11, 29, 47] 7 11124806 16582258 True
[2, 7, 11, 29, 53] 3 13965182 15858766 True
[2, 7, 11, 29, 59] 0 -- -- False
[2, 7, 11, 29] 170 5122502 91512806 True
[2, 7, 11, 31, 31] 0 -- -- False
[2, 7, 11, 31, 37] 18 7242158 19960094 True
[2, 7, 11, 31, 41] 10 8416562 16245922 True
[2, 7, 11, 31, 43] 8 9648254 16217278 True
[2, 7, 11, 31, 47] 4 11892034 15033326 True
[2, 7, 11, 31, 53] 1 14928298 14928298 True
[2, 7, 11, 31, 59] 0 -- -- False
[2, 7, 11, 31] 41 7242158 19960094 True
[2, 7, 11, 37, 37] 0 -- -- False
[2, 7, 11, 37, 41] 4 10045574 13783462 True
[2, 7, 11, 37, 43] 2 11515658 12985742 True
[2, 7, 11, 37, 47] 0 -- -- False
[2, 7, 11, 37] 6 10045574 13783462 True
[2, 7, 11, 41, 41] 0 -- -- False
[2, 7, 11, 41, 43] 1 12760594 12760594 True
[2, 7, 11, 41, 47] 0 -- -- False
[2, 7, 11, 41] 1 12760594 12760594 True
[2, 7, 11, 43, 43] 0 -- -- False
[2, 7, 11, 43, 47] 0 -- -- False
[2, 7, 11, 43] 0 -- -- False
[2, 7, 11] 3436 489566 2051619262 True
[2, 7, 13, 13, 13] 0 -- -- False
[2, 7, 13, 13, 17] 2 1890434 2131766 True
[2, 7, 13, 13, 19] 2 1663298 1843114 True
[2, 7, 13, 13, 23] 1 1578122 1578122 True
[2, 7, 13, 13, 29] 0 -- -- False
[2, 7, 13, 13] 5 1578122 2131766 True
[2, 7, 13, 17, 17] 1 2472106 2472106 True
[2, 7, 13, 17, 47] 85 7707154 78671138 True
[2, 7, 13, 17, 53] 35 9674938 38207806 True
[2, 7, 13, 17, 59] 21 11135306 29754998 True
[2, 7, 13, 17, 61] 17 12645178 28121366 True
[2, 7, 13, 17, 67] 11 14718158 23424674 True
[2, 7, 13, 17, 71] 9 16036202 23944466 True
[2, 7, 13, 17, 73] 7 17843098 24167234 True
[2, 7, 13, 17, 79] 2 20287358 21753914 True
[2, 7, 13, 17, 83] 1 22855378 22855378 True
[2, 7, 13, 17, 89] 0 -- -- False
[2, 7, 13, 17] 189 2472106 78671138 True
[2, 7, 13, 19, 19] 1 2430974 2430974 True
[2, 7, 13, 19, 37] 80 5245786 61286134 True
[2, 7, 13, 19, 41] 34 6096454 29915158 True
[2, 7, 13, 19, 43] 26 6988618 25724062 True
[2, 7, 13, 19, 47] 16 8613878 20640802 True
[2, 7, 13, 19, 53] 9 10813166 17777578 True
[2, 7, 13, 19, 59] 6 12445342 16933826 True
[2, 7, 13, 19, 61] 4 14132846 16664102 True
[2, 7, 13, 19, 67] 1 16449706 16449706 True
[2, 7, 13, 19, 71] 0 -- -- False
[2, 7, 13, 19] 177 2430974 61286134 True
[2, 7, 13, 23, 23] 0 -- -- False
[2, 7, 13, 23, 29] 49 3763214 33626138 True
[2, 7, 13, 23, 31] 29 4801342 22449518 True
[2, 7, 13, 23, 37] 12 6350162 13784498 True
[2, 7, 13, 23, 41] 8 7379918 12528698 True
[2, 7, 13, 23, 43] 5 8459906 12059866 True
[2, 7, 13, 23, 47] 2 10427326 11607778 True
[2, 7, 13, 23, 53] 0 -- -- False
[2, 7, 13, 23] 105 3763214 33626138 True
[2, 7, 13, 29, 29] 0 -- -- False
[2, 7, 13, 29, 31] 8 6053866 10962406 True
[2, 7, 13, 29, 37] 3 8006726 9178442 True
[2, 7, 13, 29, 41] 1 9305114 9305114 True
[2, 7, 13, 29, 43] 0 -- -- False
[2, 7, 13, 29] 12 6053866 10962406 True
[2, 7, 13, 31, 31] 0 -- -- False
[2, 7, 13, 31, 37] 2 8558914 8976422 True
[2, 7, 13, 31, 41] 0 -- -- False
[2, 7, 13, 31] 2 8558914 8976422 True
[2, 7, 13, 37, 37] 0 -- -- False
[2, 7, 13, 37, 41] 0 -- -- False
[2, 7, 13, 37] 0 -- -- False
[2, 7, 13] 490 1578122 78671138 True
[2, 7, 17, 17, 17] 0 -- -- False
[2, 7, 17, 17, 19] 1 1768102 1768102 True
[2, 7, 17, 17, 23] 0 -- -- False
[2, 7, 17, 17] 1 1768102 1768102 True
[2, 7, 17, 19, 19] 0 -- -- False
[2, 7, 17, 19, 23] 57 3016174 32969902 True
[2, 7, 17, 19, 29] 13 4065278 10884454 True
[2, 7, 17, 19, 31] 9 5186734 9952922 True
[2, 7, 17, 19, 37] 3 6859874 7863758 True
[2, 7, 17, 19, 41] 1 7972286 7972286 True
[2, 7, 17, 19, 43] 0 -- -- False
[2, 7, 17, 19] 83 3016174 32969902 True
[2, 7, 17, 23, 23] 0 -- -- False
[2, 7, 17, 23, 29] 5 4921126 7461062 True
[2, 7, 17, 23, 31] 3 6278678 7296842 True
[2, 7, 17, 23, 37] 0 -- -- False
[2, 7, 17, 23] 8 4921126 7461062 True
[2, 7, 17, 29, 29] 0 -- -- False
[2, 7, 17, 29, 31] 0 -- -- False
[2, 7, 17, 29] 0 -- -- False
[2, 7, 17] 92 1768102 32969902 True
[2, 7, 19, 19, 19] 0 -- -- False
[2, 7, 19, 19, 23] 0 -- -- False
[2, 7, 19, 19] 0 -- -- False
[2, 7, 19, 23, 23] 0 -- -- False
[2, 7, 19, 23, 29] 2 5500082 6564614 True
[2, 7, 19, 23, 31] 0 -- -- False
[2, 7, 19, 23] 2 5500082 6564614 True
[2, 7, 19, 29, 29] 0 -- -- False
[2, 7, 19, 29, 31] 0 -- -- False
[2, 7, 19, 29] 0 -- -- False
[2, 7, 19] 2 5500082 6564614 True
[2, 7, 23, 23, 23] 0 -- -- False
[2, 7, 23, 23, 29] 0 -- -- False
[2, 7, 23, 23] 0 -- -- False
[2, 7, 23, 29, 29] 0 -- -- False
[2, 7, 23, 29, 31] 0 -- -- False
[2, 7, 23, 29] 0 -- -- False
[2, 7, 23] 0 -- -- False
[2, 7] 4111 272734 2051619262 True
[2, 11, 11, 11, 11] 0 -- -- False
[2, 11, 11, 11, 13] 0 -- -- False
[2, 11, 11, 11] 0 -- -- False
[2, 11, 11, 13, 13] 0 -- -- False
[2, 11, 11, 13, 17] 0 -- -- False
[2, 11, 11, 13] 0 -- -- False
[2, 11, 11] 0 -- -- False
[2, 11, 13, 13, 13] 0 -- -- False
[2, 11, 13, 13, 17] 0 -- -- False
[2, 11, 13, 13] 0 -- -- False
[2, 11, 13, 17, 17] 0 -- -- False
[2, 11, 13, 17, 19] 8 2124694 4896034 True
[2, 11, 13, 17, 23] 2 3242954 3466606 True
[2, 11, 13, 17, 29] 0 -- -- False
[2, 11, 13, 17] 10 2124694 4896034 True
[2, 11, 13, 19, 19] 0 -- -- False
[2, 11, 13, 19, 23] 1 3624478 3624478 True
[2, 11, 13, 19, 29] 0 -- -- False
[2, 11, 13, 19] 1 3624478 3624478 True
[2, 11, 13, 23, 23] 0 -- -- False
[2, 11, 13, 23, 29] 0 -- -- False
[2, 11, 13, 23] 0 -- -- False
[2, 11, 13] 11 2124694 4896034 True
[2, 11, 17, 17, 17] 0 -- -- False
[2, 11, 17, 17, 19] 0 -- -- False
[2, 11, 17, 17] 0 -- -- False
[2, 11, 17, 19, 19] 0 -- -- False
[2, 11, 17, 19, 23] 0 -- -- False
[2, 11, 17, 19] 0 -- -- False
[2, 11, 17] 0 -- -- False
[2, 11] 11 2124694 4896034 True
[2, 13, 13, 13, 13] 0 -- -- False
[2, 13, 13, 13, 17] 0 -- -- False
[2, 13, 13, 13] 0 -- -- False
[2, 13, 13, 17, 17] 0 -- -- False
[2, 13, 13, 17, 19] 0 -- -- False
[2, 13, 13, 17] 0 -- -- False
[2, 13, 13] 0 -- -- False
[2, 13, 17, 17, 17] 0 -- -- False
[2, 13, 17, 17, 19] 0 -- -- False
[2, 13, 17, 17] 0 -- -- False
[2, 13, 17, 19, 19] 0 -- -- False
[2, 13, 17, 19, 23] 0 -- -- False
[2, 13, 17, 19] 0 -- -- False
[2, 13, 17] 0 -- -- False
[2, 13] 0 -- -- False
[2] 249830 1184 1033018168270 True
[3, 3, 3, 3, 3] 0 -- -- False
[3, 3, 3, 3, 5] 0 -- -- True
[3, 3, 3, 3, 7] 0 -- -- False
[3, 3, 3, 3] 0 -- -- True
[3, 3, 3, 5, 5] 1 7425 7425 True
[3, 3, 3, 5, 11] 4 28215 46035 True
[3, 3, 3, 5, 13] 2 29835 33345 True
[3, 3, 3, 5, 17] 0 -- -- False
[3, 3, 3, 5] 7 7425 46035 True
[3, 3, 3, 7, 7] 0 -- -- False
[3, 3, 3, 7, 11] 0 -- -- False
[3, 3, 3, 7] 0 -- -- False
[3, 3, 3] 7 7425 46035 True
[3, 3, 5, 5, 5] 0 -- -- True
[3, 3, 5, 5, 11] 6 47025 101475 True
[3, 3, 5, 5, 13] 3 49725 67275 True
[3, 3, 5, 5, 17] 0 -- -- False
[3, 3, 5, 5] 9 47025 101475 True
[3, 3, 5, 7, 107] 494 3673845 126022995 True
[3, 3, 5, 7, 109] 311 3879855 78524145 True
[3, 3, 5, 7, 113] 184 4520565 46522665 True
[3, 3, 5, 7, 127] 75 5240655 23082885 True
[3, 3, 5, 7, 131] 64 5653305 20756295 True
[3, 3, 5, 7, 137] 51 5998545 18686115 True
[3, 3, 5, 7, 139] 46 6523965 17908065 True
[3, 3, 5, 7, 149] 33 7087185 15817095 True
[3, 3, 5, 7, 151] 31 7467705 15744015 True
[3, 3, 5, 7, 157] 26 8061165 15182685 True
[3, 3, 5, 7, 163] 23 8574615 14530635 True
[3, 3, 5, 7, 167] 20 9100665 14571585 True
[3, 3, 5, 7, 173] 15 9754605 14005215 True
[3, 3, 5, 7, 179] 12 10205685 13588785 True
[3, 3, 5, 7, 181] 11 10889865 13740615 True
[3, 3, 5, 7, 191] 7 11611845 13777785 True
[3, 3, 5, 7, 193] 4 11976615 13557285 True
[3, 3, 5, 7, 197] 2 12348945 13093605 True
[3, 3, 5, 7, 199] 1 13226535 13226535 True
[3, 3, 5, 7, 211] 0 -- -- False
[3, 3, 5, 7] 1410 3673845 126022995 True
[3, 3, 5, 11, 11] 1 103455 103455 True
[3, 3, 5, 11, 19] 38 216315 1871595 True
[3, 3, 5, 11, 23] 12 330165 831105 True
[3, 3, 5, 11, 29] 4 445005 617265 True
[3, 3, 5, 11, 31] 1 567765 567765 True
[3, 3, 5, 11, 37] 0 -- -- False
[3, 3, 5, 11] 56 103455 1871595 True
[3, 3, 5, 13, 13] 0 -- -- False
[3, 3, 5, 13, 17] 16 188955 825435 True
[3, 3, 5, 13, 19] 8 255645 589095 True
[3, 3, 5, 13, 23] 3 390195 497835 True
[3, 3, 5, 13, 29] 0 -- -- False
[3, 3, 5, 13] 27 188955 825435 True
[3, 3, 5, 17, 17] 0 -- -- False
[3, 3, 5, 17, 19] 1 334305 334305 True
[3, 3, 5, 17, 23] 0 -- -- False
[3, 3, 5, 17] 1 334305 334305 True
[3, 3, 5, 19, 19] 0 -- -- False
[3, 3, 5, 19, 23] 0 -- -- False
[3, 3, 5, 19] 0 -- -- False
[3, 3, 5] 1503 47025 126022995 True
[3, 3, 7, 7, 7] 0 -- -- False
[3, 3, 7, 7, 11] 0 -- -- False
[3, 3, 7, 7] 0 -- -- False
[3, 3, 7, 11, 11] 0 -- -- False
[3, 3, 7, 11, 13] 5 153153 279279 True
[3, 3, 7, 11, 17] 1 223839 223839 True
[3, 3, 7, 11, 19] 0 -- -- False
[3, 3, 7, 11] 6 153153 279279 True
[3, 3, 7, 13, 13] 0 -- -- False
[3, 3, 7, 13, 17] 0 -- -- False
[3, 3, 7, 13] 0 -- -- False
[3, 3, 7] 6 153153 279279 True
[3, 3, 11, 11, 11] 0 -- -- False
[3, 3, 11, 11, 13] 0 -- -- False
[3, 3, 11, 11] 0 -- -- False
[3, 3, 11, 13, 13] 0 -- -- False
[3, 3, 11, 13, 17] 0 -- -- False
[3, 3, 11, 13] 0 -- -- False
[3, 3, 11] 0 -- -- False
[3, 3] 1516 7425 126022995 True
[3, 5, 5, 5, 5] 0 -- -- False
[3, 5, 5, 5, 7] 1 49875 49875 True
[3, 5, 5, 5, 11] 0 -- -- False
[3, 5, 5, 5] 1 49875 49875 True
[3, 5, 5, 7, 7] 2 69825 84525 True
[3, 5, 5, 7, 19] 32 289275 1785525 True
[3, 5, 5, 7, 23] 10 350175 809025 True
[3, 5, 5, 7, 29] 4 471975 654675 True
[3, 5, 5, 7, 31] 1 602175 602175 True
[3, 5, 5, 7, 37] 0 -- -- False
[3, 5, 5, 7] 49 69825 1785525 True
[3, 5, 5, 11, 11] 0 -- -- False
[3, 5, 5, 11, 13] 5 182325 332475 True
[3, 5, 5, 11, 17] 1 266475 266475 True
[3, 5, 5, 11, 19] 0 -- -- False
[3, 5, 5, 11] 6 182325 332475 True
[3, 5, 5, 13, 13] 0 -- -- False
[3, 5, 5, 13, 17] 0 -- -- False
[3, 5, 5, 13] 0 -- -- False
[3, 5, 5] 56 49875 1785525 True
[3, 5, 7, 7, 7] 0 -- -- True
[3, 5, 7, 7, 17] 9 387345 837165 True
[3, 5, 7, 7, 19] 6 404985 656355 True
[3, 5, 7, 7, 23] 2 490245 524055 True
[3, 5, 7, 7, 29] 0 -- -- False
[3, 5, 7, 7] 17 387345 837165 True
[3, 5, 7, 11, 389] 3165 178370115 13455037365 True
[3, 5, 7, 11, 397] 1331 183872535 5384576505 True
[3, 5, 7, 11, 401] 1048 189430395 4199426385 True
[3, 5, 7, 11, 409] 738 197933505 2969947365 True
[3, 5, 7, 11, 419] 542 203740845 2227598835 True
[3, 5, 7, 11, 421] 515 209575905 2126393115 True
[3, 5, 7, 11, 431] 410 215549565 1756753845 True
[3, 5, 7, 11, 433] 394 219550485 1695889965 True
[3, 5, 7, 11, 439] 354 224620935 1555107015 True
[3, 5, 7, 11, 443] 332 229737585 1477176855 True
[3, 5, 7, 11, 449] 297 236997915 1377906915 True
[3, 5, 7, 11, 457] 269 243331935 1266276165 True
[3, 5, 7, 11, 461] 253 246526665 1223049135 True
[3, 5, 7, 11, 463] 245 249735255 1203756015 True
[3, 5, 7, 11, 467] 235 258365415 1165610985 True
[3, 5, 7, 11, 479] 203 269430315 1069422585 True
[3, 5, 7, 11, 487] 187 276180135 1018660335 True
[3, 5, 7, 11, 491] 180 282985395 997537695 True
[3, 5, 7, 11, 499] 168 289901535 961919805 True
[3, 5, 7, 11, 503] 161 295711185 941744265 True
[3, 5, 7, 11, 509] 149 306293295 916528305 True
[3, 5, 7, 11, 521] 134 314717865 877960545 True
[3, 5, 7, 11, 523] 130 326799165 874082055 True
[3, 5, 7, 11, 541] 116 341795685 825433455 True
[3, 5, 7, 11, 547] 108 351904245 814370865 True
[3, 5, 7, 11, 557] 101 362197605 795805395 True
[3, 5, 7, 11, 563] 94 370000785 780968265 True
[3, 5, 7, 11, 569] 90 375258345 776147295 True
[3, 5, 7, 11, 571] 88 380534385 772280355 True
[3, 5, 7, 11, 577] 83 391197345 752405115 True
[3, 5, 7, 11, 587] 79 402045105 751885365 True
[3, 5, 7, 11, 593] 74 410264085 747242265 True
[3, 5, 7, 11, 599] 71 415798845 739582305 True
[3, 5, 7, 11, 601] 69 421352085 737886765 True
[3, 5, 7, 11, 607] 64 429765105 728427315 True
[3, 5, 7, 11, 613] 60 436845255 722883315 True
[3, 5, 7, 11, 617] 57 441121065 721899255 True
[3, 5, 7, 11, 619] 56 451130295 724239285 True
[3, 5, 7, 11, 631] 50 467164005 712042485 True
[3, 5, 7, 11, 641] 46 476048265 705558315 True
[3, 5, 7, 11, 643] 45 480504255 707759745 True
[3, 5, 7, 11, 647] 42 487977105 703195185 True
[3, 5, 7, 11, 653] 39 497027685 700665735 True
[3, 5, 7, 11, 659] 37 503116845 699492255 True
[3, 5, 7, 11, 661] 35 513805215 695507505 True
[3, 5, 7, 11, 673] 32 526242255 689478405 True
[3, 5, 7, 11, 677] 31 534061605 693576345 True
[3, 5, 7, 11, 683] 27 545105715 691834605 True
[3, 5, 7, 11, 691] 25 559471605 688764615 True
[3, 5, 7, 11, 701] 20 574045395 679300545 True
[3, 5, 7, 11, 709] 18 588785505 678863955 True
[3, 5, 7, 11, 719] 15 603733515 683456235 True
[3, 5, 7, 11, 727] 12 615489105 680984535 True
[3, 5, 7, 11, 733] 9 625648485 674752155 True
[3, 5, 7, 11, 739] 8 634183935 680275365 True
[3, 5, 7, 11, 743] 6 644481915 675375855 True
[3, 5, 7, 11, 751] 4 656625585 670504065 True
[3, 5, 7, 11, 757] 3 665368935 675860955 True
[3, 5, 7, 11, 761] 2 675916395 679432215 True
[3, 5, 7, 11, 769] 0 -- -- False
[3, 5, 7, 11] 13156 178370115 13455037365 True
[3, 5, 7, 13, 13] 7 1188915 1721265 True
[3, 5, 7, 13, 67] 210 6493305 132335385 True
[3, 5, 7, 13, 71] 99 7074795 63285495 True
[3, 5, 7, 13, 73] 78 7871955 52114335 True
[3, 5, 7, 13, 79] 46 8950305 36340395 True
[3, 5, 7, 13, 83] 37 10083255 31835895 True
[3, 5, 7, 13, 89] 26 11784045 27820065 True
[3, 5, 7, 13, 97] 17 13372905 23965305 True
[3, 5, 7, 13, 101] 14 14200095 23850645 True
[3, 5, 7, 13, 103] 12 15043665 23479365 True
[3, 5, 7, 13, 107] 9 15919995 22930635 True
[3, 5, 7, 13, 109] 7 16812705 22466535 True
[3, 5, 7, 13, 113] 4 19589115 21440055 True
[3, 5, 7, 13, 127] 0 -- -- False
[3, 5, 7, 13] 566 1188915 132335385 True
[3, 5, 7, 17, 17] 1 940695 940695 True
[3, 5, 7, 17, 31] 213 1715385 77967015 True
[3, 5, 7, 17, 37] 27 2707845 11029515 True
[3, 5, 7, 17, 41] 17 3146955 8269905 True
[3, 5, 7, 17, 43] 13 3607485 7905765 True
[3, 5, 7, 17, 47] 8 4446435 6963285 True
[3, 5, 7, 17, 53] 4 5581695 6716955 True
[3, 5, 7, 17, 59] 1 6424215 6424215 True
[3, 5, 7, 17, 61] 0 -- -- False
[3, 5, 7, 17] 284 940695 77967015 True
[3, 5, 7, 19, 19] 0 -- -- True
[3, 5, 7, 19, 29] 38 1793505 12901665 True
[3, 5, 7, 19, 31] 25 2288265 9338595 True
[3, 5, 7, 19, 37] 11 3026415 6126645 True
[3, 5, 7, 19, 41] 6 3517185 5480265 True
[3, 5, 7, 19, 43] 4 4031895 5232885 True
[3, 5, 7, 19, 47] 1 4969545 4969545 True
[3, 5, 7, 19, 53] 0 -- -- False
[3, 5, 7, 19] 85 1793505 12901665 True
[3, 5, 7, 23, 23] 0 -- -- False
[3, 5, 7, 23, 29] 11 2171085 5112555 True
[3, 5, 7, 23, 31] 7 2770005 4566765 True
[3, 5, 7, 23, 37] 3 3663555 4199685 True
[3, 5, 7, 23, 41] 1 4257645 4257645 True
[3, 5, 7, 23, 43] 0 -- -- False
[3, 5, 7, 23] 22 2171085 5112555 True
[3, 5, 7, 29, 29] 0 -- -- False
[3, 5, 7, 29, 31] 2 3492615 3870195 True
[3, 5, 7, 29, 37] 0 -- -- False
[3, 5, 7, 29] 2 3492615 3870195 True
[3, 5, 7, 31, 31] 0 -- -- False
[3, 5, 7, 31, 37] 0 -- -- False
[3, 5, 7, 31] 0 -- -- False
[3, 5, 7] 14132 387345 13455037365 True
[3, 5, 11, 11, 11] 0 -- -- False
[3, 5, 11, 11, 13] 1 401115 401115 True
[3, 5, 11, 11, 17] 0 -- -- False
[3, 5, 11, 11] 1 401115 401115 True
[3, 5, 11, 13, 13] 1 474045 474045 True
[3, 5, 11, 13, 17] 39 692835 7256535 True
[3, 5, 11, 13, 19] 16 937365 3627195 True
[3, 5, 11, 13, 23] 6 1430715 2318745 True
[3, 5, 11, 13, 29] 1 1928355 1928355 True
[3, 5, 11, 13, 31] 0 -- -- False
[3, 5, 11, 13] 63 474045 7256535 True
[3, 5, 11, 17, 17] 0 -- -- False
[3, 5, 11, 17, 19] 3 1225785 1652145 True
[3, 5, 11, 17, 23] 0 -- -- False
[3, 5, 11, 17] 3 1225785 1652145 True
[3, 5, 11, 19, 19] 0 -- -- False
[3, 5, 11, 19, 23] 0 -- -- False
[3, 5, 11, 19] 0 -- -- False
[3, 5, 11] 67 401115 7256535 True
[3, 5, 13, 13, 13] 0 -- -- False
[3, 5, 13, 13, 17] 0 -- -- False
[3, 5, 13, 13] 0 -- -- False
[3, 5, 13, 17, 17] 0 -- -- False
[3, 5, 13, 17, 19] 1 1448655 1448655 True
[3, 5, 13, 17, 23] 0 -- -- False
[3, 5, 13, 17] 1 1448655 1448655 True
[3, 5, 13, 19, 19] 0 -- -- False
[3, 5, 13, 19, 23] 0 -- -- False
[3, 5, 13, 19] 0 -- -- False
[3, 5, 13] 1 1448655 1448655 True
[3, 5, 17, 17, 17] 0 -- -- False
[3, 5, 17, 17, 19] 0 -- -- False
[3, 5, 17, 17] 0 -- -- False
[3, 5, 17, 19, 19] 0 -- -- False
[3, 5, 17, 19, 23] 0 -- -- False
[3, 5, 17, 19] 0 -- -- False
[3, 5, 17] 0 -- -- False
[3, 5] 14256 49875 13455037365 True
[3, 7, 7, 7, 7] 0 -- -- False
[3, 7, 7, 7, 11] 0 -- -- False
[3, 7, 7, 7] 0 -- -- False
[3, 7, 7, 11, 11] 0 -- -- False
[3, 7, 7, 11, 13] 0 -- -- False
[3, 7, 7, 11] 0 -- -- False
[3, 7, 7] 0 -- -- False
[3, 7, 11, 11, 11] 0 -- -- False
[3, 7, 11, 11, 13] 0 -- -- False
[3, 7, 11, 11] 0 -- -- False
[3, 7, 11, 13, 13] 0 -- -- False
[3, 7, 11, 13, 17] 0 -- -- False
[3, 7, 11, 13] 0 -- -- False
[3, 7, 11] 0 -- -- False
[3, 7] 0 -- -- False
[3] 15772 7425 13455037365 True
[5, 5, 5, 5, 5] 0 -- -- False
[5, 5, 5, 5, 7] 0 -- -- False
[5, 5, 5, 5] 0 -- -- False
[5, 5, 5, 7, 7] 0 -- -- False
[5, 5, 5, 7, 11] 0 -- -- False
[5, 5, 5, 7] 0 -- -- False
[5, 5, 5] 0 -- -- False
[5, 5, 7, 7, 7] 0 -- -- False
[5, 5, 7, 7, 11] 0 -- -- False
[5, 5, 7, 7] 0 -- -- False
[5, 5, 7, 11, 11] 0 -- -- False
[5, 5, 7, 11, 13] 0 -- -- False
[5, 5, 7, 11] 0 -- -- False
[5, 5, 7] 0 -- -- False
[5, 5] 0 -- -- False
[5, 7, 7, 7, 7] 0 -- -- False
[5, 7, 7, 7, 11] 0 -- -- False
[5, 7, 7, 7] 0 -- -- False
[5, 7, 7, 11, 11] 0 -- -- False
[5, 7, 7, 11, 13] 0 -- -- False
[5, 7, 7, 11] 0 -- -- False
[5, 7, 7] 0 -- -- False
[5, 7, 11, 11, 11] 0 -- -- False
[5, 7, 11, 11, 13] 0 -- -- False
[5, 7, 11, 11] 0 -- -- False
[5, 7, 11, 13, 13] 0 -- -- False
[5, 7, 11, 13, 17] 0 -- -- False
[5, 7, 11, 13] 0 -- -- False
[5, 7, 11] 0 -- -- False
[5, 7] 0 -- -- False
[5] 0 -- -- False
[] 265602 1184 1033018168270 True
