[2, 5, 11, 59, 653] 8140
[2, 5, 11, 59, 659] 3976
[2, 5, 11, 59, 661] 3416
[2, 5, 11, 59, 673] 1886
[2, 5, 11, 59, 677] 1647
[2, 5, 11, 59, 683] 1389
[2, 5, 11, 59, 691] 1150
[2, 5, 11, 59, 701] 943
[2, 5, 11, 59, 709] 829
[2, 5, 11, 59, 719] 722
[2, 5, 11, 59, 727] 652
[2, 5, 11, 59, 733] 608
[2, 5, 11, 59, 739] 567
[2, 5, 11, 59, 743] 545
[2, 5, 11, 59, 751] 505
[2, 5, 11, 59, 757] 476
[2, 5, 11, 59, 761] 461
[2, 5, 11, 59, 769] 430
[2, 5, 11, 59, 773] 416
[2, 5, 11, 59, 787] 375
[2, 5, 11, 59, 797] 348
[2, 5, 11, 59, 809] 321
[2, 5, 11, 59, 811] 315
[2, 5, 11, 59, 821] 297
[2, 5, 11, 59, 823] 294
[2, 5, 11, 59, 827] 285
[2, 5, 11, 59, 829] 284
[2, 5, 11, 59, 839] 267
[2, 5, 11, 59, 853] 246
[2, 5, 11, 59, 857] 237
[2, 5, 11, 59, 859] 233
[2, 5, 11, 59, 863] 228
[2, 5, 11, 59, 877] 216
[2, 5, 11, 59, 881] 211
[2, 5, 11, 59, 883] 208
[2, 5, 11, 59, 887] 203
[2, 5, 11, 59, 907] 182
[2, 5, 11, 59, 911] 178
[2, 5, 11, 59, 919] 170
[2, 5, 11, 59, 929] 166
[2, 5, 11, 59, 937] 158
[2, 5, 11, 59, 941] 154
[2, 5, 11, 59, 947] 149
[2, 5, 11, 59, 953] 144
[2, 5, 11, 59, 967] 134
[2, 5, 11, 59, 971] 132
[2, 5, 11, 59, 977] 128
[2, 5, 11, 59, 983] 125
[2, 5, 11, 59, 991] 120
[2, 5, 11, 59, 997] 115
[2, 5, 11, 59, 1009] 111
[2, 5, 11, 59, 1013] 108
[2, 5, 11, 59, 1019] 104
[2, 5, 11, 59, 1021] 102
[2, 5, 11, 59, 1031] 98
[2, 5, 11, 59, 1033] 96
[2, 5, 11, 59, 1039] 94
[2, 5, 11, 59, 1049] 88
[2, 5, 11, 59, 1051] 86
[2, 5, 11, 59, 1061] 83
[2, 5, 11, 59, 1063] 81
[2, 5, 11, 59, 1069] 79
[2, 5, 11, 59, 1087] 71
[2, 5, 11, 59, 1091] 69
[2, 5, 11, 59, 1093] 67
[2, 5, 11, 59, 1097] 66
[2, 5, 11, 59, 1103] 63
[2, 5, 11, 59, 1109] 60
[2, 5, 11, 59, 1117] 56
[2, 5, 11, 59, 1123] 54
[2, 5, 11, 59, 1129] 51
[2, 5, 11, 59, 1151] 45
[2, 5, 11, 59, 1153] 42
[2, 5, 11, 59, 1163] 40
[2, 5, 11, 59, 1171] 37
[2, 5, 11, 59, 1181] 33
[2, 5, 11, 59, 1187] 30
[2, 5, 11, 59, 1193] 27
[2, 5, 11, 59, 1201] 25
[2, 5, 11, 59, 1213] 23
[2, 5, 11, 59, 1217] 22
[2, 5, 11, 59, 1223] 20
[2, 5, 11, 59, 1229] 18
[2, 5, 11, 59, 1231] 17
[2, 5, 11, 59, 1237] 15
[2, 5, 11, 59, 1249] 13
[2, 5, 11, 59, 1259] 12
[2, 5, 11, 59, 1277] 8
[2, 5, 11, 59, 1279] 7
[2, 5, 11, 59, 1283] 6
[2, 5, 11, 59, 1289] 4
[2, 5, 11, 59, 1291] 2
[2, 5, 11, 59, 1297] 0
[2, 5, 11, 59] 37514
[2, 5, 11, 61, 479] 27631
[2, 5, 11, 61, 487] 2846
[2, 5, 11, 61, 491] 2025
[2, 5, 11, 61, 499] 1295
[2, 5, 11, 61, 503] 1107
[2, 5, 11, 61, 509] 906
[2, 5, 11, 61, 521] 669
[2, 5, 11, 61, 523] 639
[2, 5, 11, 61, 541] 469
[2, 5, 11, 61, 547] 428
[2, 5, 11, 61, 557] 375
[2, 5, 11, 61, 563] 347
[2, 5, 11, 61, 569] 327
[2, 5, 11, 61, 571] 319
[2, 5, 11, 61, 577] 301
[2, 5, 11, 61, 587] 269
[2, 5, 11, 61, 593] 258
[2, 5, 11, 61, 599] 243
[2, 5, 11, 61, 601] 237
[2, 5, 11, 61, 607] 224
[2, 5, 11, 61, 613] 215
[2, 5, 11, 61, 617] 207
[2, 5, 11, 61, 619] 203
[2, 5, 11, 61, 631] 184
[2, 5, 11, 61, 641] 173
[2, 5, 11, 61, 643] 168
[2, 5, 11, 61, 647] 164
[2, 5, 11, 61, 653] 159
[2, 5, 11, 61, 659] 151
[2, 5, 11, 61, 661] 148
[2, 5, 11, 61, 673] 137
[2, 5, 11, 61, 677] 135
[2, 5, 11, 61, 683] 127
[2, 5, 11, 61, 691] 120
[2, 5, 11, 61, 701] 113
[2, 5, 11, 61, 709] 106
[2, 5, 11, 61, 719] 98
[2, 5, 11, 61, 727] 93
[2, 5, 11, 61, 733] 90
[2, 5, 11, 61, 739] 86
[2, 5, 11, 61, 743] 85
[2, 5, 11, 61, 751] 81
[2, 5, 11, 61, 757] 77
[2, 5, 11, 61, 761] 74
[2, 5, 11, 61, 769] 69
[2, 5, 11, 61, 773] 67
[2, 5, 11, 61, 787] 61
[2, 5, 11, 61, 797] 57
[2, 5, 11, 61, 809] 53
[2, 5, 11, 61, 811] 51
[2, 5, 11, 61, 821] 47
[2, 5, 11, 61, 823] 46
[2, 5, 11, 61, 827] 45
[2, 5, 11, 61, 829] 44
[2, 5, 11, 61, 839] 40
[2, 5, 11, 61, 853] 34
[2, 5, 11, 61, 857] 32
[2, 5, 11, 61, 859] 31
[2, 5, 11, 61, 863] 30
[2, 5, 11, 61, 877] 26
[2, 5, 11, 61, 881] 23
[2, 5, 11, 61, 883] 22
[2, 5, 11, 61, 887] 21
[2, 5, 11, 61, 907] 14
[2, 5, 11, 61, 911] 12
[2, 5, 11, 61, 919] 11
[2, 5, 11, 61, 929] 8
[2, 5, 11, 61, 937] 6
[2, 5, 11, 61, 941] 4
[2, 5, 11, 61, 947] 2
[2, 5, 11, 61, 953] 0
[2, 5, 11, 61] 44965
[2, 5, 11, 67, 283] 13694
[2, 5, 11, 67, 293] 934
[2, 5, 11, 67, 307] 433
[2, 5, 11, 67, 311] 377
[2, 5, 11, 67, 313] 355
[2, 5, 11, 67, 317] 312
[2, 5, 11, 67, 331] 227
[2, 5, 11, 67, 337] 204
[2, 5, 11, 67, 347] 172
[2, 5, 11, 67, 349] 165
[2, 5, 11, 67, 353] 152
[2, 5, 11, 67, 359] 145
[2, 5, 11, 67, 367] 128
[2, 5, 11, 67, 373] 118
[2, 5, 11, 67, 379] 111
[2, 5, 11, 67, 383] 104
[2, 5, 11, 67, 389] 97
[2, 5, 11, 67, 397] 87
[2, 5, 11, 67, 401] 83
[2, 5, 11, 67, 409] 76
[2, 5, 11, 67, 419] 69
[2, 5, 11, 67, 421] 67
[2, 5, 11, 67, 431] 59
[2, 5, 11, 67, 433] 57
[2, 5, 11, 67, 439] 53
[2, 5, 11, 67, 443] 51
[2, 5, 11, 67, 449] 48
[2, 5, 11, 67, 457] 43
[2, 5, 11, 67, 461] 40
[2, 5, 11, 67, 463] 38
[2, 5, 11, 67, 467] 36
[2, 5, 11, 67, 479] 32
[2, 5, 11, 67, 487] 29
[2, 5, 11, 67, 491] 27
[2, 5, 11, 67, 499] 23
[2, 5, 11, 67, 503] 21
[2, 5, 11, 67, 509] 18
[2, 5, 11, 67, 521] 15
[2, 5, 11, 67, 523] 13
[2, 5, 11, 67, 541] 7
[2, 5, 11, 67, 547] 5
[2, 5, 11, 67, 557] 3
[2, 5, 11, 67, 563] 0
[2, 5, 11, 67] 18728
[2, 5, 11, 71, 229] 16182
[2, 5, 11, 71, 233] 1436
[2, 5, 11, 71, 239] 653
[2, 5, 11, 71, 241] 557
[2, 5, 11, 71, 251] 322
[2, 5, 11, 71, 257] 259
[2, 5, 11, 71, 263] 218
[2, 5, 11, 71, 269] 185
[2, 5, 11, 71, 271] 174
[2, 5, 11, 71, 277] 155
[2, 5, 11, 71, 281] 142
[2, 5, 11, 71, 283] 135
[2, 5, 11, 71, 293] 113
[2, 5, 11, 71, 307] 91
[2, 5, 11, 71, 311] 86
[2, 5, 11, 71, 313] 81
[2, 5, 11, 71, 317] 77
[2, 5, 11, 71, 331] 64
[2, 5, 11, 71, 337] 59
[2, 5, 11, 71, 347] 52
[2, 5, 11, 71, 349] 51
[2, 5, 11, 71, 353] 47
[2, 5, 11, 71, 359] 43
[2, 5, 11, 71, 367] 38
[2, 5, 11, 71, 373] 33
[2, 5, 11, 71, 379] 31
[2, 5, 11, 71, 383] 28
[2, 5, 11, 71, 389] 24
[2, 5, 11, 71, 397] 21
[2, 5, 11, 71, 401] 20
[2, 5, 11, 71, 409] 17
[2, 5, 11, 71, 419] 15
[2, 5, 11, 71, 421] 13
[2, 5, 11, 71, 431] 10
[2, 5, 11, 71, 433] 8
[2, 5, 11, 71, 439] 6
[2, 5, 11, 71, 443] 5
[2, 5, 11, 71, 449] 4
[2, 5, 11, 71, 457] 0
[2, 5, 11, 71] 21455
[2, 5, 11, 73, 211] 6463
[2, 5, 11, 73, 223] 470
[2, 5, 11, 73, 227] 367
[2, 5, 11, 73, 229] 326
[2, 5, 11, 73, 233] 275
[2, 5, 11, 73, 239] 222
[2, 5, 11, 73, 241] 207
[2, 5, 11, 73, 251] 158
[2, 5, 11, 73, 257] 136
[2, 5, 11, 73, 263] 121
[2, 5, 11, 73, 269] 106
[2, 5, 11, 73, 271] 102
[2, 5, 11, 73, 277] 91
[2, 5, 11, 73, 281] 86
[2, 5, 11, 73, 283] 81
[2, 5, 11, 73, 293] 70
[2, 5, 11, 73, 307] 58
[2, 5, 11, 73, 311] 54
[2, 5, 11, 73, 313] 52
[2, 5, 11, 73, 317] 48
[2, 5, 11, 73, 331] 39
[2, 5, 11, 73, 337] 34
[2, 5, 11, 73, 347] 30
[2, 5, 11, 73, 349] 29
[2, 5, 11, 73, 353] 27
[2, 5, 11, 73, 359] 25
[2, 5, 11, 73, 367] 21
[2, 5, 11, 73, 373] 18
[2, 5, 11, 73, 379] 16
[2, 5, 11, 73, 383] 15
[2, 5, 11, 73, 389] 11
[2, 5, 11, 73, 397] 8
[2, 5, 11, 73, 401] 7
[2, 5, 11, 73, 409] 4
[2, 5, 11, 73, 419] 1
[2, 5, 11, 73, 421] 0
[2, 5, 11, 73] 9778
[2, 5, 11, 79, 173] 13838
[2, 5, 11, 79, 179] 631
[2, 5, 11, 79, 181] 490
[2, 5, 11, 79, 191] 237
[2, 5, 11, 79, 193] 216
[2, 5, 11, 79, 197] 178
[2, 5, 11, 79, 199] 169
[2, 5, 11, 79, 211] 115
[2, 5, 11, 79, 223] 88
[2, 5, 11, 79, 227] 79
[2, 5, 11, 79, 229] 76
[2, 5, 11, 79, 233] 70
[2, 5, 11, 79, 239] 62
[2, 5, 11, 79, 241] 59
[2, 5, 11, 79, 251] 47
[2, 5, 11, 79, 257] 44
[2, 5, 11, 79, 263] 40
[2, 5, 11, 79, 269] 35
[2, 5, 11, 79, 271] 33
[2, 5, 11, 79, 277] 30
[2, 5, 11, 79, 281] 27
[2, 5, 11, 79, 283] 25
[2, 5, 11, 79, 293] 20
[2, 5, 11, 79, 307] 14
[2, 5, 11, 79, 311] 13
[2, 5, 11, 79, 313] 11
[2, 5, 11, 79, 317] 9
[2, 5, 11, 79, 331] 5
[2, 5, 11, 79, 337] 3
[2, 5, 11, 79, 347] 0
[2, 5, 11, 79] 16664
[2, 5, 11, 83, 157] 4369
[2, 5, 11, 83, 163] 501
[2, 5, 11, 83, 167] 328
[2, 5, 11, 83, 173] 219
[2, 5, 11, 83, 179] 162
[2, 5, 11, 83, 181] 149
[2, 5, 11, 83, 191] 107
[2, 5, 11, 83, 193] 101
[2, 5, 11, 83, 197] 90
[2, 5, 11, 83, 199] 84
[2, 5, 11, 83, 211] 64
[2, 5, 11, 83, 223] 51
[2, 5, 11, 83, 227] 47
[2, 5, 11, 83, 229] 44
[2, 5, 11, 83, 233] 40
[2, 5, 11, 83, 239] 35
[2, 5, 11, 83, 241] 33
[2, 5, 11, 83, 251] 26
[2, 5, 11, 83, 257] 24
[2, 5, 11, 83, 263] 20
[2, 5, 11, 83, 269] 17
[2, 5, 11, 83, 271] 15
[2, 5, 11, 83, 277] 13
[2, 5, 11, 83, 281] 11
[2, 5, 11, 83, 283] 9
[2, 5, 11, 83, 293] 5
[2, 5, 11, 83, 307] 3
[2, 5, 11, 83, 311] 1
[2, 5, 11, 83, 313] 0
[2, 5, 11, 83] 6568
[2, 5, 11, 89, 139] 12638
[2, 5, 11, 89, 149] 275
[2, 5, 11, 89, 151] 234
[2, 5, 11, 89, 157] 160
[2, 5, 11, 89, 163] 122
[2, 5, 11, 89, 167] 105
[2, 5, 11, 89, 173] 86
[2, 5, 11, 89, 179] 73
[2, 5, 11, 89, 181] 67
[2, 5, 11, 89, 191] 54
[2, 5, 11, 89, 193] 50
[2, 5, 11, 89, 197] 46
[2, 5, 11, 89, 199] 43
[2, 5, 11, 89, 211] 32
[2, 5, 11, 89, 223] 25
[2, 5, 11, 89, 227] 23
[2, 5, 11, 89, 229] 21
[2, 5, 11, 89, 233] 17
[2, 5, 11, 89, 239] 15
[2, 5, 11, 89, 241] 13
[2, 5, 11, 89, 251] 10
[2, 5, 11, 89, 257] 7
[2, 5, 11, 89, 263] 6
[2, 5, 11, 89, 269] 4
[2, 5, 11, 89, 271] 3
[2, 5, 11, 89, 277] 0
[2, 5, 11, 89] 14129
[2, 5, 11, 97, 127] 522
[2, 5, 11, 97, 131] 277
[2, 5, 11, 97, 137] 166
[2, 5, 11, 97, 139] 146
[2, 5, 11, 97, 149] 92
[2, 5, 11, 97, 151] 85
[2, 5, 11, 97, 157] 68
[2, 5, 11, 97, 163] 58
[2, 5, 11, 97, 167] 52
[2, 5, 11, 97, 173] 42
[2, 5, 11, 97, 179] 36
[2, 5, 11, 97, 181] 34
[2, 5, 11, 97, 191] 26
[2, 5, 11, 97, 193] 24
[2, 5, 11, 97, 197] 21
[2, 5, 11, 97, 199] 20
[2, 5, 11, 97, 211] 15
[2, 5, 11, 97, 223] 10
[2, 5, 11, 97, 227] 8
[2, 5, 11, 97, 229] 6
[2, 5, 11, 97, 233] 4
[2, 5, 11, 97, 239] 2
[2, 5, 11, 97, 241] 1
[2, 5, 11, 97, 251] 0
[2, 5, 11, 97] 1715
[2, 5, 11, 101, 127] 210
[2, 5, 11, 101, 131] 155
[2, 5, 11, 101, 137] 108
[2, 5, 11, 101, 139] 99
[2, 5, 11, 101, 149] 66
[2, 5, 11, 101, 151] 63
[2, 5, 11, 101, 157] 53
[2, 5, 11, 101, 163] 43
[2, 5, 11, 101, 167] 38
[2, 5, 11, 101, 173] 32
[2, 5, 11, 101, 179] 27
[2, 5, 11, 101, 181] 25
[2, 5, 11, 101, 191] 19
[2, 5, 11, 101, 193] 18
[2, 5, 11, 101, 197] 16
[2, 5, 11, 101, 199] 15
[2, 5, 11, 101, 211] 9
[2, 5, 11, 101, 223] 5
[2, 5, 11, 101, 227] 4
[2, 5, 11, 101, 229] 3
[2, 5, 11, 101, 233] 0
[2, 5, 11, 101] 1008
[2, 5, 11, 103, 127] 163
[2, 5, 11, 103, 131] 125
[2, 5, 11, 103, 137] 93
[2, 5, 11, 103, 139] 85
[2, 5, 11, 103, 149] 60
[2, 5, 11, 103, 151] 55
[2, 5, 11, 103, 157] 45
[2, 5, 11, 103, 163] 38
[2, 5, 11, 103, 167] 34
[2, 5, 11, 103, 173] 28
[2, 5, 11, 103, 179] 25
[2, 5, 11, 103, 181] 23
[2, 5, 11, 103, 191] 18
[2, 5, 11, 103, 193] 17
[2, 5, 11, 103, 197] 13
[2, 5, 11, 103, 199] 12
[2, 5, 11, 103, 211] 7
[2, 5, 11, 103, 223] 3
[2, 5, 11, 103, 227] 1
[2, 5, 11, 103, 229] 0
[2, 5, 11, 103] 845
[2, 5, 11, 107, 113] 550
[2, 5, 11, 107, 127] 114
[2, 5, 11, 107, 131] 93
[2, 5, 11, 107, 137] 70
[2, 5, 11, 107, 139] 65
[2, 5, 11, 107, 149] 47
[2, 5, 11, 107, 151] 43
[2, 5, 11, 107, 157] 36
[2, 5, 11, 107, 163] 30
[2, 5, 11, 107, 167] 27
[2, 5, 11, 107, 173] 22
[2, 5, 11, 107, 179] 20
[2, 5, 11, 107, 181] 18
[2, 5, 11, 107, 191] 12
[2, 5, 11, 107, 193] 11
[2, 5, 11, 107, 197] 8
[2, 5, 11, 107, 199] 7
[2, 5, 11, 107, 211] 3
[2, 5, 11, 107, 223] 0
[2, 5, 11, 107] 1176
[2, 5, 11, 109, 113] 334
[2, 5, 11, 109, 127] 98
[2, 5, 11, 109, 131] 82
[2, 5, 11, 109, 137] 64
[2, 5, 11, 109, 139] 59
[2, 5, 11, 109, 149] 42
[2, 5, 11, 109, 151] 39
[2, 5, 11, 109, 157] 32
[2, 5, 11, 109, 163] 28
[2, 5, 11, 109, 167] 24
[2, 5, 11, 109, 173] 21
[2, 5, 11, 109, 179] 17
[2, 5, 11, 109, 181] 15
[2, 5, 11, 109, 191] 10
[2, 5, 11, 109, 193] 9
[2, 5, 11, 109, 197] 7
[2, 5, 11, 109, 199] 5
[2, 5, 11, 109, 211] 0
[2, 5, 11, 109] 886
[2, 5, 11, 113, 127] 76
[2, 5, 11, 113, 131] 65
[2, 5, 11, 113, 137] 52
[2, 5, 11, 113, 139] 48
[2, 5, 11, 113, 149] 35
[2, 5, 11, 113, 151] 32
[2, 5, 11, 113, 157] 28
[2, 5, 11, 113, 163] 23
[2, 5, 11, 113, 167] 20
[2, 5, 11, 113, 173] 16
[2, 5, 11, 113, 179] 13
[2, 5, 11, 113, 181] 11
[2, 5, 11, 113, 191] 7
[2, 5, 11, 113, 193] 5
[2, 5, 11, 113, 197] 2
[2, 5, 11, 113, 199] 1
[2, 5, 11, 113, 211] 0
[2, 5, 11, 113] 434
[2, 5, 11, 127, 131] 36
[2, 5, 11, 127, 137] 30
[2, 5, 11, 127, 139] 28
[2, 5, 11, 127, 149] 20
[2, 5, 11, 127, 151] 18
[2, 5, 11, 127, 157] 15
[2, 5, 11, 127, 163] 11
[2, 5, 11, 127, 167] 8
[2, 5, 11, 127, 173] 6
[2, 5, 11, 127, 179] 5
[2, 5, 11, 127, 181] 4
[2, 5, 11, 127, 191] 0
[2, 5, 11, 127] 181
[2, 5, 11, 131, 137] 28
[2, 5, 11, 131, 139] 25
[2, 5, 11, 131, 149] 18
[2, 5, 11, 131, 151] 16
[2, 5, 11, 131, 157] 12
[2, 5, 11, 131, 163] 9
[2, 5, 11, 131, 167] 7
[2, 5, 11, 131, 173] 6
[2, 5, 11, 131, 179] 2
[2, 5, 11, 131, 181] 0
[2, 5, 11, 131] 123
[2, 5, 11, 137, 139] 20
[2, 5, 11, 137, 149] 14
[2, 5, 11, 137, 151] 11
[2, 5, 11, 137, 157] 10
[2, 5, 11, 137, 163] 8
[2, 5, 11, 137, 167] 5
[2, 5, 11, 137, 173] 2
[2, 5, 11, 137, 179] 1
[2, 5, 11, 137, 181] 0
[2, 5, 11, 137] 71
[2, 5, 11, 139, 149] 12
[2, 5, 11, 139, 151] 11
[2, 5, 11, 139, 157] 9
[2, 5, 11, 139, 163] 6
[2, 5, 11, 139, 167] 4
[2, 5, 11, 139, 173] 2
[2, 5, 11, 139, 179] 0
[2, 5, 11, 139] 44
[2, 5, 11, 149, 151] 9
[2, 5, 11, 149, 157] 5
[2, 5, 11, 149, 163] 3
[2, 5, 11, 149, 167] 1
[2, 5, 11, 149, 173] 0
[2, 5, 11, 149] 18
[2, 5, 11, 151, 157] 5
[2, 5, 11, 151, 163] 2
[2, 5, 11, 151, 167] 0
[2, 5, 11, 151] 7
[2, 5, 11, 157, 163] 1
[2, 5, 11, 157, 167] 0
[2, 5, 11, 157] 1
[2, 5, 11, 163, 167] 0
[2, 5, 11, 163] 0
[2, 5, 11] 176310
[2, 5, 13, 37, 223] 1079
[2, 5, 13, 37, 227] 653
[2, 5, 13, 37, 229] 549
[2, 5, 13, 37, 233] 415
[2, 5, 13, 37, 239] 310
[2, 5, 13, 37, 241] 282
[2, 5, 13, 37, 251] 205
[2, 5, 13, 37, 257] 169
[2, 5, 13, 37, 263] 149
[2, 5, 13, 37, 269] 132
[2, 5, 13, 37, 271] 128
[2, 5, 13, 37, 277] 112
[2, 5, 13, 37, 281] 103
[2, 5, 13, 37, 283] 99
[2, 5, 13, 37, 293] 84
[2, 5, 13, 37, 307] 69
[2, 5, 13, 37, 311] 65
[2, 5, 13, 37, 313] 62
[2, 5, 13, 37, 317] 59
[2, 5, 13, 37, 331] 48
[2, 5, 13, 37, 337] 44
[2, 5, 13, 37, 347] 37
[2, 5, 13, 37, 349] 36
[2, 5, 13, 37, 353] 33
[2, 5, 13, 37, 359] 29
[2, 5, 13, 37, 367] 26
[2, 5, 13, 37, 373] 25
[2, 5, 13, 37, 379] 22
[2, 5, 13, 37, 383] 20
[2, 5, 13, 37, 389] 17
[2, 5, 13, 37, 397] 14
[2, 5, 13, 37, 401] 12
[2, 5, 13, 37, 409] 10
[2, 5, 13, 37, 419] 6
[2, 5, 13, 37, 421] 5
[2, 5, 13, 37, 431] 2
[2, 5, 13, 37, 433] 0
[2, 5, 13, 37] 5110
[2, 5, 13, 41, 149] 289
[2, 5, 13, 41, 151] 243
[2, 5, 13, 41, 157] 166
[2, 5, 13, 41, 163] 124
[2, 5, 13, 41, 167] 107
[2, 5, 13, 41, 173] 87
[2, 5, 13, 41, 179] 73
[2, 5, 13, 41, 181] 69
[2, 5, 13, 41, 191] 54
[2, 5, 13, 41, 193] 51
[2, 5, 13, 41, 197] 46
[2, 5, 13, 41, 199] 44
[2, 5, 13, 41, 211] 33
[2, 5, 13, 41, 223] 25
[2, 5, 13, 41, 227] 23
[2, 5, 13, 41, 229] 21
[2, 5, 13, 41, 233] 18
[2, 5, 13, 41, 239] 15
[2, 5, 13, 41, 241] 14
[2, 5, 13, 41, 251] 11
[2, 5, 13, 41, 257] 7
[2, 5, 13, 41, 263] 6
[2, 5, 13, 41, 269] 4
[2, 5, 13, 41, 271] 3
[2, 5, 13, 41, 277] 1
[2, 5, 13, 41, 281] 0
[2, 5, 13, 41] 1534
[2, 5, 13, 43, 127] 322
[2, 5, 13, 43, 131] 208
[2, 5, 13, 43, 137] 136
[2, 5, 13, 43, 139] 122
[2, 5, 13, 43, 149] 80
[2, 5, 13, 43, 151] 74
[2, 5, 13, 43, 157] 61
[2, 5, 13, 43, 163] 52
[2, 5, 13, 43, 167] 45
[2, 5, 13, 43, 173] 38
[2, 5, 13, 43, 179] 32
[2, 5, 13, 43, 181] 30
[2, 5, 13, 43, 191] 23
[2, 5, 13, 43, 193] 22
[2, 5, 13, 43, 197] 19
[2, 5, 13, 43, 199] 17
[2, 5, 13, 43, 211] 13
[2, 5, 13, 43, 223] 8
[2, 5, 13, 43, 227] 6
[2, 5, 13, 43, 229] 4
[2, 5, 13, 43, 233] 2
[2, 5, 13, 43, 239] 1
[2, 5, 13, 43, 241] 0
[2, 5, 13, 43] 1315
[2, 5, 13, 47, 101] 391
[2, 5, 13, 47, 103] 256
[2, 5, 13, 47, 107] 158
[2, 5, 13, 47, 109] 130
[2, 5, 13, 47, 113] 98
[2, 5, 13, 47, 127] 51
[2, 5, 13, 47, 131] 44
[2, 5, 13, 47, 137] 35
[2, 5, 13, 47, 139] 32
[2, 5, 13, 47, 149] 26
[2, 5, 13, 47, 151] 23
[2, 5, 13, 47, 157] 18
[2, 5, 13, 47, 163] 15
[2, 5, 13, 47, 167] 12
[2, 5, 13, 47, 173] 8
[2, 5, 13, 47, 179] 6
[2, 5, 13, 47, 181] 5
[2, 5, 13, 47, 191] 3
[2, 5, 13, 47, 193] 1
[2, 5, 13, 47, 197] 0
[2, 5, 13, 47] 1312
[2, 5, 13, 53, 83] 244
[2, 5, 13, 53, 89] 104
[2, 5, 13, 53, 97] 59
[2, 5, 13, 53, 101] 47
[2, 5, 13, 53, 103] 41
[2, 5, 13, 53, 107] 34
[2, 5, 13, 53, 109] 32
[2, 5, 13, 53, 113] 26
[2, 5, 13, 53, 127] 16
[2, 5, 13, 53, 131] 14
[2, 5, 13, 53, 137] 9
[2, 5, 13, 53, 139] 8
[2, 5, 13, 53, 149] 4
[2, 5, 13, 53, 151] 3
[2, 5, 13, 53, 157] 0
[2, 5, 13, 53] 641
[2, 5, 13, 59, 71] 306
[2, 5, 13, 59, 73] 174
[2, 5, 13, 59, 79] 77
[2, 5, 13, 59, 83] 56
[2, 5, 13, 59, 89] 38
[2, 5, 13, 59, 97] 26
[2, 5, 13, 59, 101] 21
[2, 5, 13, 59, 103] 19
[2, 5, 13, 59, 107] 16
[2, 5, 13, 59, 109] 13
[2, 5, 13, 59, 113] 10
[2, 5, 13, 59, 127] 4
[2, 5, 13, 59, 131] 2
[2, 5, 13, 59, 137] 0
[2, 5, 13, 59] 762
[2, 5, 13, 61, 67] 724
[2, 5, 13, 61, 71] 147
[2, 5, 13, 61, 73] 107
[2, 5, 13, 61, 79] 58
[2, 5, 13, 61, 83] 44
[2, 5, 13, 61, 89] 31
[2, 5, 13, 61, 97] 21
[2, 5, 13, 61, 101] 18
[2, 5, 13, 61, 103] 15
[2, 5, 13, 61, 107] 12
[2, 5, 13, 61, 109] 10
[2, 5, 13, 61, 113] 7
[2, 5, 13, 61, 127] 3
[2, 5, 13, 61, 131] 0
[2, 5, 13, 61] 1197
[2, 5, 13, 67, 71] 59
[2, 5, 13, 67, 73] 49
[2, 5, 13, 67, 79] 33
[2, 5, 13, 67, 83] 25
[2, 5, 13, 67, 89] 18
[2, 5, 13, 67, 97] 12
[2, 5, 13, 67, 101] 10
[2, 5, 13, 67, 103] 7
[2, 5, 13, 67, 107] 6
[2, 5, 13, 67, 109] 3
[2, 5, 13, 67, 113] 1
[2, 5, 13, 67, 127] 0
[2, 5, 13, 67] 223
[2, 5, 13, 71, 73] 37
[2, 5, 13, 71, 79] 25
[2, 5, 13, 71, 83] 19
[2, 5, 13, 71, 89] 14
[2, 5, 13, 71, 97] 9
[2, 5, 13, 71, 101] 6
[2, 5, 13, 71, 103] 5
[2, 5, 13, 71, 107] 2
[2, 5, 13, 71, 109] 1
[2, 5, 13, 71, 113] 0
[2, 5, 13, 71] 118
[2, 5, 13, 73, 79] 22
[2, 5, 13, 73, 83] 17
[2, 5, 13, 73, 89] 12
[2, 5, 13, 73, 97] 7
[2, 5, 13, 73, 101] 5
[2, 5, 13, 73, 103] 3
[2, 5, 13, 73, 107] 2
[2, 5, 13, 73, 109] 1
[2, 5, 13, 73, 113] 0
[2, 5, 13, 73] 69
[2, 5, 13, 79, 83] 11
[2, 5, 13, 79, 89] 8
[2, 5, 13, 79, 97] 5
[2, 5, 13, 79, 101] 3
[2, 5, 13, 79, 103] 2
[2, 5, 13, 79, 107] 0
[2, 5, 13, 79] 29
[2, 5, 13, 83, 89] 6
[2, 5, 13, 83, 97] 4
[2, 5, 13, 83, 101] 1
[2, 5, 13, 83, 103] 0
[2, 5, 13, 83] 11
[2, 5, 13, 89, 97] 1
[2, 5, 13, 89, 101] 0
[2, 5, 13, 89] 1
[2, 5, 13, 97, 101] 0
[2, 5, 13, 97] 0
[2, 5, 13] 12322
[2, 5, 17, 23, 179] 1609
[2, 5, 17, 23, 181] 911
[2, 5, 17, 23, 191] 309
[2, 5, 17, 23, 193] 273
[2, 5, 17, 23, 197] 224
[2, 5, 17, 23, 199] 204
[2, 5, 17, 23, 211] 136
[2, 5, 17, 23, 223] 99
[2, 5, 17, 23, 227] 90
[2, 5, 17, 23, 229] 87
[2, 5, 17, 23, 233] 79
[2, 5, 17, 23, 239] 71
[2, 5, 17, 23, 241] 68
[2, 5, 17, 23, 251] 55
[2, 5, 17, 23, 257] 48
[2, 5, 17, 23, 263] 43
[2, 5, 17, 23, 269] 40
[2, 5, 17, 23, 271] 39
[2, 5, 17, 23, 277] 34
[2, 5, 17, 23, 281] 31
[2, 5, 17, 23, 283] 30
[2, 5, 17, 23, 293] 24
[2, 5, 17, 23, 307] 17
[2, 5, 17, 23, 311] 16
[2, 5, 17, 23, 313] 14
[2, 5, 17, 23, 317] 12
[2, 5, 17, 23, 331] 8
[2, 5, 17, 23, 337] 5
[2, 5, 17, 23, 347] 3
[2, 5, 17, 23, 349] 2
[2, 5, 17, 23, 353] 0
[2, 5, 17, 23] 4581
[2, 5, 17, 29, 71] 430
[2, 5, 17, 29, 73] 206
[2, 5, 17, 29, 79] 84
[2, 5, 17, 29, 83] 59
[2, 5, 17, 29, 89] 42
[2, 5, 17, 29, 97] 28
[2, 5, 17, 29, 101] 22
[2, 5, 17, 29, 103] 20
[2, 5, 17, 29, 107] 18
[2, 5, 17, 29, 109] 14
[2, 5, 17, 29, 113] 12
[2, 5, 17, 29, 127] 5
[2, 5, 17, 29, 131] 2
[2, 5, 17, 29, 137] 1
[2, 5, 17, 29, 139] 0
[2, 5, 17, 29] 943
[2, 5, 17, 31, 61] 672
[2, 5, 17, 31, 67] 92
[2, 5, 17, 31, 71] 59
[2, 5, 17, 31, 73] 49
[2, 5, 17, 31, 79] 33
[2, 5, 17, 31, 83] 24
[2, 5, 17, 31, 89] 18
[2, 5, 17, 31, 97] 12
[2, 5, 17, 31, 101] 9
[2, 5, 17, 31, 103] 7
[2, 5, 17, 31, 107] 6
[2, 5, 17, 31, 109] 3
[2, 5, 17, 31, 113] 1
[2, 5, 17, 31, 127] 0
[2, 5, 17, 31] 985
[2, 5, 17, 37, 47] 297
[2, 5, 17, 37, 53] 54
[2, 5, 17, 37, 59] 30
[2, 5, 17, 37, 61] 24
[2, 5, 17, 37, 67] 15
[2, 5, 17, 37, 71] 12
[2, 5, 17, 37, 73] 9
[2, 5, 17, 37, 79] 7
[2, 5, 17, 37, 83] 4
[2, 5, 17, 37, 89] 0
[2, 5, 17, 37] 452
[2, 5, 17, 41, 43] 140
[2, 5, 17, 41, 47] 51
[2, 5, 17, 41, 53] 26
[2, 5, 17, 41, 59] 15
[2, 5, 17, 41, 61] 12
[2, 5, 17, 41, 67] 9
[2, 5, 17, 41, 71] 5
[2, 5, 17, 41, 73] 3
[2, 5, 17, 41, 79] 1
[2, 5, 17, 41, 83] 0
[2, 5, 17, 41] 262
[2, 5, 17, 43, 47] 37
[2, 5, 17, 43, 53] 20
[2, 5, 17, 43, 59] 13
[2, 5, 17, 43, 61] 11
[2, 5, 17, 43, 67] 5
[2, 5, 17, 43, 71] 3
[2, 5, 17, 43, 73] 2
[2, 5, 17, 43, 79] 0
[2, 5, 17, 43] 91
[2, 5, 17, 47, 53] 14
[2, 5, 17, 47, 59] 7
[2, 5, 17, 47, 61] 6
[2, 5, 17, 47, 67] 3
[2, 5, 17, 47, 71] 1
[2, 5, 17, 47, 73] 0
[2, 5, 17, 47] 31
[2, 5, 17, 53, 59] 4
[2, 5, 17, 53, 61] 3
[2, 5, 17, 53, 67] 0
[2, 5, 17, 53] 7
[2, 5, 17, 59, 61] 0
[2, 5, 17, 59] 0
[2, 5, 17] 7352
[2, 5, 19, 23, 89] 405
[2, 5, 19, 23, 97] 114
[2, 5, 19, 23, 101] 84
[2, 5, 19, 23, 103] 73
[2, 5, 19, 23, 107] 59
[2, 5, 19, 23, 109] 52
[2, 5, 19, 23, 113] 43
[2, 5, 19, 23, 127] 27
[2, 5, 19, 23, 131] 22
[2, 5, 19, 23, 137] 18
[2, 5, 19, 23, 139] 16
[2, 5, 19, 23, 149] 11
[2, 5, 19, 23, 151] 10
[2, 5, 19, 23, 157] 7
[2, 5, 19, 23, 163] 4
[2, 5, 19, 23, 167] 2
[2, 5, 19, 23, 173] 0
[2, 5, 19, 23] 947
[2, 5, 19, 29, 53] 107
[2, 5, 19, 29, 59] 45
[2, 5, 19, 29, 61] 36
[2, 5, 19, 29, 67] 23
[2, 5, 19, 29, 71] 17
[2, 5, 19, 29, 73] 15
[2, 5, 19, 29, 79] 10
[2, 5, 19, 29, 83] 7
[2, 5, 19, 29, 89] 5
[2, 5, 19, 29, 97] 0
[2, 5, 19, 29] 265
[2, 5, 19, 31, 47] 123
[2, 5, 19, 31, 53] 42
[2, 5, 19, 31, 59] 24
[2, 5, 19, 31, 61] 20
[2, 5, 19, 31, 67] 13
[2, 5, 19, 31, 71] 10
[2, 5, 19, 31, 73] 9
[2, 5, 19, 31, 79] 4
[2, 5, 19, 31, 83] 1
[2, 5, 19, 31, 89] 0
[2, 5, 19, 31] 246
[2, 5, 19, 37, 41] 49
[2, 5, 19, 37, 43] 34
[2, 5, 19, 37, 47] 22
[2, 5, 19, 37, 53] 14
[2, 5, 19, 37, 59] 7
[2, 5, 19, 37, 61] 6
[2, 5, 19, 37, 67] 2
[2, 5, 19, 37, 71] 1
[2, 5, 19, 37, 73] 0
[2, 5, 19, 37] 135
[2, 5, 19, 41, 43] 20
[2, 5, 19, 41, 47] 14
[2, 5, 19, 41, 53] 7
[2, 5, 19, 41, 59] 4
[2, 5, 19, 41, 61] 2
[2, 5, 19, 41, 67] 0
[2, 5, 19, 41] 47
[2, 5, 19, 43, 47] 10
[2, 5, 19, 43, 53] 6
[2, 5, 19, 43, 59] 2
[2, 5, 19, 43, 61] 0
[2, 5, 19, 43] 18
[2, 5, 19, 47, 53] 3
[2, 5, 19, 47, 59] 1
[2, 5, 19, 47, 61] 0
[2, 5, 19, 47] 4
[2, 5, 19, 53, 59] 0
[2, 5, 19, 53] 0
[2, 5, 19] 1662
[2, 5, 23, 29, 37] 74
[2, 5, 23, 29, 41] 33
[2, 5, 23, 29, 43] 25
[2, 5, 23, 29, 47] 15
[2, 5, 23, 29, 53] 9
[2, 5, 23, 29, 59] 5
[2, 5, 23, 29, 61] 3
[2, 5, 23, 29, 67] 0
[2, 5, 23, 29] 164
[2, 5, 23, 31, 37] 37
[2, 5, 23, 31, 41] 21
[2, 5, 23, 31, 43] 16
[2, 5, 23, 31, 47] 10
[2, 5, 23, 31, 53] 6
[2, 5, 23, 31, 59] 2
[2, 5, 23, 31, 61] 1
[2, 5, 23, 31, 67] 0
[2, 5, 23, 31] 93
[2, 5, 23, 37, 41] 9
[2, 5, 23, 37, 43] 7
[2, 5, 23, 37, 47] 3
[2, 5, 23, 37, 53] 0
[2, 5, 23, 37] 19
[2, 5, 23, 41, 43] 4
[2, 5, 23, 41, 47] 1
[2, 5, 23, 41, 53] 0
[2, 5, 23, 41] 5
[2, 5, 23, 43, 47] 0
[2, 5, 23, 43] 0
[2, 5, 23] 281
[2, 5, 29, 31, 37] 9
[2, 5, 29, 31, 41] 5
[2, 5, 29, 31, 43] 3
[2, 5, 29, 31, 47] 1
[2, 5, 29, 31, 53] 0
[2, 5, 29, 31] 18
[2, 5, 29, 37, 41] 2
[2, 5, 29, 37, 43] 0
[2, 5, 29, 37] 2
[2, 5, 29, 41, 43] 0
[2, 5, 29, 41] 0
[2, 5, 29] 20
[2, 5, 31, 37, 41] 1
[2, 5, 31, 37, 43] 0
[2, 5, 31, 37] 1
[2, 5, 31, 41, 43] 0
[2, 5, 31, 41] 0
[2, 5, 31] 1
[2, 5, 37, 41, 43] 0
[2, 5, 37, 41] 0
[2, 5, 37] 0
[2, 5] 197948
[2, 7, 11, 17, 101] 959
[2, 7, 11, 17, 103] 418
[2, 7, 11, 17, 107] 205
[2, 7, 11, 17, 109] 164
[2, 7, 11, 17, 113] 117
[2, 7, 11, 17, 127] 60
[2, 7, 11, 17, 131] 49
[2, 7, 11, 17, 137] 40
[2, 7, 11, 17, 139] 37
[2, 7, 11, 17, 149] 27
[2, 7, 11, 17, 151] 26
[2, 7, 11, 17, 157] 21
[2, 7, 11, 17, 163] 17
[2, 7, 11, 17, 167] 14
[2, 7, 11, 17, 173] 11
[2, 7, 11, 17, 179] 7
[2, 7, 11, 17, 181] 6
[2, 7, 11, 17, 191] 3
[2, 7, 11, 17, 193] 2
[2, 7, 11, 17, 197] 1
[2, 7, 11, 17, 199] 0
[2, 7, 11, 17] 2184
[2, 7, 11, 19, 67] 144
[2, 7, 11, 19, 71] 79
[2, 7, 11, 19, 73] 65
[2, 7, 11, 19, 79] 40
[2, 7, 11, 19, 83] 32
[2, 7, 11, 19, 89] 23
[2, 7, 11, 19, 97] 15
[2, 7, 11, 19, 101] 12
[2, 7, 11, 19, 103] 10
[2, 7, 11, 19, 107] 8
[2, 7, 11, 19, 109] 5
[2, 7, 11, 19, 113] 4
[2, 7, 11, 19, 127] 0
[2, 7, 11, 19] 437
[2, 7, 11, 23, 41] 299
[2, 7, 11, 23, 43] 100
[2, 7, 11, 23, 47] 46
[2, 7, 11, 23, 53] 23
[2, 7, 11, 23, 59] 14
[2, 7, 11, 23, 61] 12
[2, 7, 11, 23, 67] 7
[2, 7, 11, 23, 71] 4
[2, 7, 11, 23, 73] 3
[2, 7, 11, 23, 79] 0
[2, 7, 11, 23] 508
[2, 7, 11, 29, 31] 110
[2, 7, 11, 29, 37] 24
[2, 7, 11, 29, 41] 15
[2, 7, 11, 29, 43] 11
[2, 7, 11, 29, 47] 7
[2, 7, 11, 29, 53] 3
[2, 7, 11, 29, 59] 0
[2, 7, 11, 29] 170
[2, 7, 11, 31, 37] 18
[2, 7, 11, 31, 41] 10
[2, 7, 11, 31, 43] 8
[2, 7, 11, 31, 47] 4
[2, 7, 11, 31, 53] 1
[2, 7, 11, 31, 59] 0
[2, 7, 11, 31] 41
[2, 7, 11, 37, 41] 4
[2, 7, 11, 37, 43] 2
[2, 7, 11, 37, 47] 0
[2, 7, 11, 37] 6
[2, 7, 11, 41, 43] 1
[2, 7, 11, 41, 47] 0
[2, 7, 11, 41] 1
[2, 7, 11, 43, 47] 0
[2, 7, 11, 43] 0
[2, 7, 11] 3347
[2, 7, 13, 17, 47] 85
[2, 7, 13, 17, 53] 35
[2, 7, 13, 17, 59] 21
[2, 7, 13, 17, 61] 17
[2, 7, 13, 17, 67] 11
[2, 7, 13, 17, 71] 9
[2, 7, 13, 17, 73] 7
[2, 7, 13, 17, 79] 2
[2, 7, 13, 17, 83] 1
[2, 7, 13, 17, 89] 0
[2, 7, 13, 17] 188
[2, 7, 13, 19, 37] 80
[2, 7, 13, 19, 41] 34
[2, 7, 13, 19, 43] 26
[2, 7, 13, 19, 47] 16
[2, 7, 13, 19, 53] 9
[2, 7, 13, 19, 59] 6
[2, 7, 13, 19, 61] 4
[2, 7, 13, 19, 67] 1
[2, 7, 13, 19, 71] 0
[2, 7, 13, 19] 176
[2, 7, 13, 23, 29] 49
[2, 7, 13, 23, 31] 29
[2, 7, 13, 23, 37] 12
[2, 7, 13, 23, 41] 8
[2, 7, 13, 23, 43] 5
[2, 7, 13, 23, 47] 2
[2, 7, 13, 23, 53] 0
[2, 7, 13, 23] 105
[2, 7, 13, 29, 31] 8
[2, 7, 13, 29, 37] 3
[2, 7, 13, 29, 41] 1
[2, 7, 13, 29, 43] 0
[2, 7, 13, 29] 12
[2, 7, 13, 31, 37] 2
[2, 7, 13, 31, 41] 0
[2, 7, 13, 31] 2
[2, 7, 13, 37, 41] 0
[2, 7, 13, 37] 0
[2, 7, 13] 483
[2, 7, 17, 19, 23] 57
[2, 7, 17, 19, 29] 13
[2, 7, 17, 19, 31] 9
[2, 7, 17, 19, 37] 3
[2, 7, 17, 19, 41] 1
[2, 7, 17, 19, 43] 0
[2, 7, 17, 19] 83
[2, 7, 17, 23, 29] 5
[2, 7, 17, 23, 31] 3
[2, 7, 17, 23, 37] 0
[2, 7, 17, 23] 8
[2, 7, 17, 29, 31] 0
[2, 7, 17, 29] 0
[2, 7, 17] 91
[2, 7, 19, 23, 29] 2
[2, 7, 19, 23, 31] 0
[2, 7, 19, 23] 2
[2, 7, 19, 29, 31] 0
[2, 7, 19, 29] 0
[2, 7, 19] 2
[2, 7, 23, 29, 31] 0
[2, 7, 23, 29] 0
[2, 7, 23] 0
[2, 7] 3923
[2, 11, 13, 17, 19] 8
[2, 11, 13, 17, 23] 2
[2, 11, 13, 17, 29] 0
[2, 11, 13, 17] 10
[2, 11, 13, 19, 23] 1
[2, 11, 13, 19, 29] 0
[2, 11, 13, 19] 1
[2, 11, 13, 23, 29] 0
[2, 11, 13, 23] 0
[2, 11, 13] 11
[2, 11, 17, 19, 23] 0
[2, 11, 17, 19] 0
[2, 11, 17] 0
[2, 11] 11
[2, 13, 17, 19, 23] 0
[2, 13, 17, 19] 0
[2, 13, 17] 0
[2, 13] 0
[2] 201882
[3, 5, 7, 11, 389] 3165
[3, 5, 7, 11, 397] 1331
[3, 5, 7, 11, 401] 1048
[3, 5, 7, 11, 409] 738
[3, 5, 7, 11, 419] 542
[3, 5, 7, 11, 421] 515
[3, 5, 7, 11, 431] 410
[3, 5, 7, 11, 433] 394
[3, 5, 7, 11, 439] 354
[3, 5, 7, 11, 443] 332
[3, 5, 7, 11, 449] 297
[3, 5, 7, 11, 457] 269
[3, 5, 7, 11, 461] 253
[3, 5, 7, 11, 463] 245
[3, 5, 7, 11, 467] 235
[3, 5, 7, 11, 479] 203
[3, 5, 7, 11, 487] 187
[3, 5, 7, 11, 491] 180
[3, 5, 7, 11, 499] 168
[3, 5, 7, 11, 503] 161
[3, 5, 7, 11, 509] 149
[3, 5, 7, 11, 521] 134
[3, 5, 7, 11, 523] 130
[3, 5, 7, 11, 541] 116
[3, 5, 7, 11, 547] 108
[3, 5, 7, 11, 557] 101
[3, 5, 7, 11, 563] 94
[3, 5, 7, 11, 569] 90
[3, 5, 7, 11, 571] 88
[3, 5, 7, 11, 577] 83
[3, 5, 7, 11, 587] 79
[3, 5, 7, 11, 593] 74
[3, 5, 7, 11, 599] 71
[3, 5, 7, 11, 601] 69
[3, 5, 7, 11, 607] 64
[3, 5, 7, 11, 613] 60
[3, 5, 7, 11, 617] 57
[3, 5, 7, 11, 619] 56
[3, 5, 7, 11, 631] 50
[3, 5, 7, 11, 641] 46
[3, 5, 7, 11, 643] 45
[3, 5, 7, 11, 647] 42
[3, 5, 7, 11, 653] 39
[3, 5, 7, 11, 659] 37
[3, 5, 7, 11, 661] 35
[3, 5, 7, 11, 673] 32
[3, 5, 7, 11, 677] 31
[3, 5, 7, 11, 683] 27
[3, 5, 7, 11, 691] 25
[3, 5, 7, 11, 701] 20
[3, 5, 7, 11, 709] 18
[3, 5, 7, 11, 719] 15
[3, 5, 7, 11, 727] 12
[3, 5, 7, 11, 733] 9
[3, 5, 7, 11, 739] 8
[3, 5, 7, 11, 743] 6
[3, 5, 7, 11, 751] 4
[3, 5, 7, 11, 757] 3
[3, 5, 7, 11, 761] 2
[3, 5, 7, 11, 769] 0
[3, 5, 7, 11] 13156
[3, 5, 7, 13, 67] 210
[3, 5, 7, 13, 71] 99
[3, 5, 7, 13, 73] 78
[3, 5, 7, 13, 79] 46
[3, 5, 7, 13, 83] 37
[3, 5, 7, 13, 89] 26
[3, 5, 7, 13, 97] 17
[3, 5, 7, 13, 101] 14
[3, 5, 7, 13, 103] 12
[3, 5, 7, 13, 107] 9
[3, 5, 7, 13, 109] 7
[3, 5, 7, 13, 113] 4
[3, 5, 7, 13, 127] 0
[3, 5, 7, 13] 559
[3, 5, 7, 17, 31] 212
[3, 5, 7, 17, 37] 27
[3, 5, 7, 17, 41] 17
[3, 5, 7, 17, 43] 13
[3, 5, 7, 17, 47] 8
[3, 5, 7, 17, 53] 4
[3, 5, 7, 17, 59] 1
[3, 5, 7, 17, 61] 0
[3, 5, 7, 17] 282
[3, 5, 7, 19, 29] 38
[3, 5, 7, 19, 31] 25
[3, 5, 7, 19, 37] 11
[3, 5, 7, 19, 41] 6
[3, 5, 7, 19, 43] 4
[3, 5, 7, 19, 47] 1
[3, 5, 7, 19, 53] 0
[3, 5, 7, 19] 85
[3, 5, 7, 23, 29] 11
[3, 5, 7, 23, 31] 7
[3, 5, 7, 23, 37] 3
[3, 5, 7, 23, 41] 1
[3, 5, 7, 23, 43] 0
[3, 5, 7, 23] 22
[3, 5, 7, 29, 31] 2
[3, 5, 7, 29, 37] 0
[3, 5, 7, 29] 2
[3, 5, 7, 31, 37] 0
[3, 5, 7, 31] 0
[3, 5, 7] 14106
[3, 5, 11, 13, 17] 39
[3, 5, 11, 13, 19] 16
[3, 5, 11, 13, 23] 6
[3, 5, 11, 13, 29] 1
[3, 5, 11, 13, 31] 0
[3, 5, 11, 13] 62
[3, 5, 11, 17, 19] 3
[3, 5, 11, 17, 23] 0
[3, 5, 11, 17] 3
[3, 5, 11, 19, 23] 0
[3, 5, 11, 19] 0
[3, 5, 11] 65
[3, 5, 13, 17, 19] 1
[3, 5, 13, 17, 23] 0
[3, 5, 13, 17] 1
[3, 5, 13, 19, 23] 0
[3, 5, 13, 19] 0
[3, 5, 13] 1
[3, 5, 17, 19, 23] 0
[3, 5, 17, 19] 0
[3, 5, 17] 0
[3, 5] 14172
[3, 7, 11, 13, 17] 0
[3, 7, 11, 13] 0
[3, 7, 11] 0
[3, 7] 0
[3] 14172
[5, 7, 11, 13, 17] 0
[5, 7, 11, 13] 0
[5, 7, 11] 0
[5, 7] 0
[5] 0
[] 216054
216054
