([2, 2, 2, 2, 29], [1, None, None, None, -1])
([2, 2, 2, 2, 23], [1, None, None, None, -2])
([2, 2, 2, 2, 19], [1, None, None, None, -3])
([2, 2, 2, 2, 17], [1, None, None, None, -4])
([2, 2, 2, 17, 131], [1, None, None, 1, -1])
([2, 2, 2, 17, 127], [1, None, None, 1, -2])
([2, 2, 2, 17, 113], [1, None, None, 1, -3])
([2, 2, 2, 17, 109], [1, None, None, 1, -4])
([2, 2, 2, 17, 107], [1, None, None, 1, -5])
([2, 2, 2, 17, 103], [1, None, None, 1, -6])
([2, 2, 2, 17, 101], [1, None, None, 1, -7])
([2, 2, 2, 17, 97], [1, None, None, 1, -8])
([2, 2, 2, 17, 89], [1, None, None, 1, -9])
([2, 2, 2, 17, 83], [1, None, None, 1, -10])
([2, 2, 2, 17, 79], [1, None, None, 1, -11])
([2, 2, 2, 17, 73], [1, None, None, 1, -12])
([2, 2, 2, 17, 71], [1, None, None, 1, -13])
([2, 2, 2, 17, 67], [1, None, None, 1, -14])
([2, 2, 2, 17, 61], [1, None, None, 1, -15])
([2, 2, 2, 17, 59], [1, None, None, 1, -16])
([2, 2, 2, 17, 53], [1, None, None, 1, -17])
([2, 2, 2, 17, 47], [1, None, None, 1, -18])
([2, 2, 2, 17, 43], [1, None, None, 1, -19])
([2, 2, 2, 17, 41], [1, None, None, 1, -20])
([2, 2, 2, 17, 37], [1, None, None, 1, -21])
([2, 2, 2, 17, 31], [1, None, None, 1, -22])
([2, 2, 2, 17, 29], [1, None, None, 1, -23])
([2, 2, 2, 17, 23], [1, None, None, 1, -24])
([2, 2, 2, 17, 19], [1, None, None, 1, -25])
([2, 2, 2, 19, 73], [1, None, None, 2, -1])
([2, 2, 2, 19, 71], [1, None, None, 2, -2])
([2, 2, 2, 19, 67], [1, None, None, 2, -3])
([2, 2, 2, 19, 61], [1, None, None, 2, -4])
([2, 2, 2, 19, 59], [1, None, None, 2, -5])
([2, 2, 2, 19, 53], [1, None, None, 2, -6])
([2, 2, 2, 19, 47], [1, None, None, 2, -7])
([2, 2, 2, 19, 43], [1, None, None, 2, -8])
([2, 2, 2, 19, 41], [1, None, None, 2, -9])
([2, 2, 2, 19, 37], [1, None, None, 2, -10])
([2, 2, 2, 19, 31], [1, None, None, 2, -11])
([2, 2, 2, 19, 29], [1, None, None, 2, -12])
([2, 2, 2, 19, 23], [1, None, None, 2, -13])
([2, 2, 2, 23, 43], [1, None, None, 3, -1])
([2, 2, 2, 23, 41], [1, None, None, 3, -2])
([2, 2, 2, 23, 37], [1, None, None, 3, -3])
([2, 2, 2, 23, 31], [1, None, None, 3, -4])
([2, 2, 2, 23, 29], [1, None, None, 3, -5])
([2, 2, 2, 29, 31], [1, None, None, 4, -1])
([2, 2, 11, 11, 23], [1, None, 1, None, -1])
([2, 2, 11, 23, 251], [1, None, 1, 1, -1])
([2, 2, 11, 23, 241], [1, None, 1, 1, -2])
([2, 2, 11, 23, 239], [1, None, 1, 1, -3])
([2, 2, 11, 23, 233], [1, None, 1, 1, -4])
([2, 2, 11, 23, 229], [1, None, 1, 1, -5])
([2, 2, 11, 23, 227], [1, None, 1, 1, -6])
([2, 2, 11, 23, 223], [1, None, 1, 1, -7])
([2, 2, 11, 23, 211], [1, None, 1, 1, -8])
([2, 2, 11, 23, 199], [1, None, 1, 1, -9])
([2, 2, 11, 23, 197], [1, None, 1, 1, -10])
([2, 2, 11, 23, 193], [1, None, 1, 1, -11])
([2, 2, 11, 23, 191], [1, None, 1, 1, -12])
([2, 2, 11, 23, 181], [1, None, 1, 1, -13])
([2, 2, 11, 23, 179], [1, None, 1, 1, -14])
([2, 2, 11, 23, 173], [1, None, 1, 1, -15])
([2, 2, 11, 23, 167], [1, None, 1, 1, -16])
([2, 2, 11, 23, 163], [1, None, 1, 1, -17])
([2, 2, 11, 23, 157], [1, None, 1, 1, -18])
([2, 2, 11, 23, 151], [1, None, 1, 1, -19])
([2, 2, 11, 23, 149], [1, None, 1, 1, -20])
([2, 2, 11, 23, 139], [1, None, 1, 1, -21])
([2, 2, 11, 23, 137], [1, None, 1, 1, -22])
([2, 2, 11, 23, 131], [1, None, 1, 1, -23])
([2, 2, 11, 23, 127], [1, None, 1, 1, -24])
([2, 2, 11, 23, 113], [1, None, 1, 1, -25])
([2, 2, 11, 23, 109], [1, None, 1, 1, -26])
([2, 2, 11, 23, 107], [1, None, 1, 1, -27])
([2, 2, 11, 23, 103], [1, None, 1, 1, -28])
([2, 2, 11, 23, 101], [1, None, 1, 1, -29])
([2, 2, 11, 23, 97], [1, None, 1, 1, -30])
([2, 2, 11, 23, 89], [1, None, 1, 1, -31])
([2, 2, 11, 23, 83], [1, None, 1, 1, -32])
([2, 2, 11, 23, 79], [1, None, 1, 1, -33])
([2, 2, 11, 23, 73], [1, None, 1, 1, -34])
([2, 2, 11, 23, 71], [1, None, 1, 1, -35])
([2, 2, 11, 23, 67], [1, None, 1, 1, -36])
([2, 2, 11, 23, 61], [1, None, 1, 1, -37])
([2, 2, 11, 23, 59], [1, None, 1, 1, -38])
([2, 2, 11, 23, 53], [1, None, 1, 1, -39])
([2, 2, 11, 23, 47], [1, None, 1, 1, -40])
([2, 2, 11, 23, 43], [1, None, 1, 1, -41])
([2, 2, 11, 23, 41], [1, None, 1, 1, -42])
([2, 2, 11, 23, 37], [1, None, 1, 1, -43])
([2, 2, 11, 23, 31], [1, None, 1, 1, -44])
([2, 2, 11, 23, 29], [1, None, 1, 1, -45])
([2, 2, 11, 29, 73], [1, None, 1, 2, -1])
([2, 2, 11, 29, 71], [1, None, 1, 2, -2])
([2, 2, 11, 29, 67], [1, None, 1, 2, -3])
([2, 2, 11, 29, 61], [1, None, 1, 2, -4])
([2, 2, 11, 29, 59], [1, None, 1, 2, -5])
([2, 2, 11, 29, 53], [1, None, 1, 2, -6])
([2, 2, 11, 29, 47], [1, None, 1, 2, -7])
([2, 2, 11, 29, 43], [1, None, 1, 2, -8])
([2, 2, 11, 29, 41], [1, None, 1, 2, -9])
([2, 2, 11, 29, 37], [1, None, 1, 2, -10])
([2, 2, 11, 29, 31], [1, None, 1, 2, -11])
([2, 2, 11, 31, 67], [1, None, 1, 3, -1])
([2, 2, 11, 31, 61], [1, None, 1, 3, -2])
([2, 2, 11, 31, 59], [1, None, 1, 3, -3])
([2, 2, 11, 31, 53], [1, None, 1, 3, -4])
([2, 2, 11, 31, 47], [1, None, 1, 3, -5])
([2, 2, 11, 31, 43], [1, None, 1, 3, -6])
([2, 2, 11, 31, 41], [1, None, 1, 3, -7])
([2, 2, 11, 31, 37], [1, None, 1, 3, -8])
([2, 2, 11, 37, 47], [1, None, 1, 4, -1])
([2, 2, 11, 37, 43], [1, None, 1, 4, -2])
([2, 2, 11, 37, 41], [1, None, 1, 4, -3])
([2, 2, 11, 41, 43], [1, None, 1, 5, -1])
([2, 2, 13, 13, 17], [1, None, 2, None, -1])
([2, 2, 13, 17, 439], [1, None, 2, 1, -1])
([2, 2, 13, 17, 433], [1, None, 2, 1, -2])
([2, 2, 13, 17, 431], [1, None, 2, 1, -3])
([2, 2, 13, 17, 421], [1, None, 2, 1, -4])
([2, 2, 13, 17, 419], [1, None, 2, 1, -5])
([2, 2, 13, 17, 409], [1, None, 2, 1, -6])
([2, 2, 13, 17, 401], [1, None, 2, 1, -7])
([2, 2, 13, 17, 397], [1, None, 2, 1, -8])
([2, 2, 13, 17, 389], [1, None, 2, 1, -9])
([2, 2, 13, 17, 383], [1, None, 2, 1, -10])
([2, 2, 13, 17, 379], [1, None, 2, 1, -11])
([2, 2, 13, 17, 373], [1, None, 2, 1, -12])
([2, 2, 13, 17, 367], [1, None, 2, 1, -13])
([2, 2, 13, 17, 359], [1, None, 2, 1, -14])
([2, 2, 13, 17, 353], [1, None, 2, 1, -15])
([2, 2, 13, 17, 349], [1, None, 2, 1, -16])
([2, 2, 13, 17, 347], [1, None, 2, 1, -17])
([2, 2, 13, 17, 337], [1, None, 2, 1, -18])
([2, 2, 13, 17, 331], [1, None, 2, 1, -19])
([2, 2, 13, 17, 317], [1, None, 2, 1, -20])
([2, 2, 13, 17, 313], [1, None, 2, 1, -21])
([2, 2, 13, 17, 311], [1, None, 2, 1, -22])
([2, 2, 13, 17, 307], [1, None, 2, 1, -23])
([2, 2, 13, 17, 293], [1, None, 2, 1, -24])
([2, 2, 13, 17, 283], [1, None, 2, 1, -25])
([2, 2, 13, 17, 281], [1, None, 2, 1, -26])
([2, 2, 13, 17, 277], [1, None, 2, 1, -27])
([2, 2, 13, 17, 271], [1, None, 2, 1, -28])
([2, 2, 13, 17, 269], [1, None, 2, 1, -29])
([2, 2, 13, 17, 263], [1, None, 2, 1, -30])
([2, 2, 13, 17, 257], [1, None, 2, 1, -31])
([2, 2, 13, 17, 251], [1, None, 2, 1, -32])
([2, 2, 13, 17, 241], [1, None, 2, 1, -33])
([2, 2, 13, 17, 239], [1, None, 2, 1, -34])
([2, 2, 13, 17, 233], [1, None, 2, 1, -35])
([2, 2, 13, 17, 229], [1, None, 2, 1, -36])
([2, 2, 13, 17, 227], [1, None, 2, 1, -37])
([2, 2, 13, 17, 223], [1, None, 2, 1, -38])
([2, 2, 13, 17, 211], [1, None, 2, 1, -39])
([2, 2, 13, 17, 199], [1, None, 2, 1, -40])
([2, 2, 13, 17, 197], [1, None, 2, 1, -41])
([2, 2, 13, 17, 193], [1, None, 2, 1, -42])
([2, 2, 13, 17, 191], [1, None, 2, 1, -43])
([2, 2, 13, 17, 181], [1, None, 2, 1, -44])
([2, 2, 13, 17, 179], [1, None, 2, 1, -45])
([2, 2, 13, 17, 173], [1, None, 2, 1, -46])
([2, 2, 13, 17, 167], [1, None, 2, 1, -47])
([2, 2, 13, 17, 163], [1, None, 2, 1, -48])
([2, 2, 13, 17, 157], [1, None, 2, 1, -49])
([2, 2, 13, 17, 151], [1, None, 2, 1, -50])
([2, 2, 13, 17, 149], [1, None, 2, 1, -51])
([2, 2, 13, 17, 139], [1, None, 2, 1, -52])
([2, 2, 13, 17, 137], [1, None, 2, 1, -53])
([2, 2, 13, 17, 131], [1, None, 2, 1, -54])
([2, 2, 13, 17, 127], [1, None, 2, 1, -55])
([2, 2, 13, 17, 113], [1, None, 2, 1, -56])
([2, 2, 13, 17, 109], [1, None, 2, 1, -57])
([2, 2, 13, 17, 107], [1, None, 2, 1, -58])
([2, 2, 13, 17, 103], [1, None, 2, 1, -59])
([2, 2, 13, 17, 101], [1, None, 2, 1, -60])
([2, 2, 13, 17, 97], [1, None, 2, 1, -61])
([2, 2, 13, 17, 89], [1, None, 2, 1, -62])
([2, 2, 13, 17, 83], [1, None, 2, 1, -63])
([2, 2, 13, 17, 79], [1, None, 2, 1, -64])
([2, 2, 13, 17, 73], [1, None, 2, 1, -65])
([2, 2, 13, 17, 71], [1, None, 2, 1, -66])
([2, 2, 13, 17, 67], [1, None, 2, 1, -67])
([2, 2, 13, 17, 61], [1, None, 2, 1, -68])
([2, 2, 13, 17, 59], [1, None, 2, 1, -69])
([2, 2, 13, 17, 53], [1, None, 2, 1, -70])
([2, 2, 13, 17, 47], [1, None, 2, 1, -71])
([2, 2, 13, 17, 43], [1, None, 2, 1, -72])
([2, 2, 13, 17, 41], [1, None, 2, 1, -73])
([2, 2, 13, 17, 37], [1, None, 2, 1, -74])
([2, 2, 13, 17, 31], [1, None, 2, 1, -75])
([2, 2, 13, 17, 29], [1, None, 2, 1, -76])
([2, 2, 13, 17, 23], [1, None, 2, 1, -77])
([2, 2, 13, 17, 19], [1, None, 2, 1, -78])
([2, 2, 13, 17, 17], [1, None, 2, 1, None])
([2, 2, 13, 19, 113], [1, None, 2, 2, -1])
([2, 2, 13, 19, 109], [1, None, 2, 2, -2])
([2, 2, 13, 19, 107], [1, None, 2, 2, -3])
([2, 2, 13, 19, 103], [1, None, 2, 2, -4])
([2, 2, 13, 19, 101], [1, None, 2, 2, -5])
([2, 2, 13, 19, 97], [1, None, 2, 2, -6])
([2, 2, 13, 19, 89], [1, None, 2, 2, -7])
([2, 2, 13, 19, 83], [1, None, 2, 2, -8])
([2, 2, 13, 19, 79], [1, None, 2, 2, -9])
([2, 2, 13, 19, 73], [1, None, 2, 2, -10])
([2, 2, 13, 19, 71], [1, None, 2, 2, -11])
([2, 2, 13, 19, 67], [1, None, 2, 2, -12])
([2, 2, 13, 19, 61], [1, None, 2, 2, -13])
([2, 2, 13, 19, 59], [1, None, 2, 2, -14])
([2, 2, 13, 19, 53], [1, None, 2, 2, -15])
([2, 2, 13, 19, 47], [1, None, 2, 2, -16])
([2, 2, 13, 19, 43], [1, None, 2, 2, -17])
([2, 2, 13, 19, 41], [1, None, 2, 2, -18])
([2, 2, 13, 19, 37], [1, None, 2, 2, -19])
([2, 2, 13, 19, 31], [1, None, 2, 2, -20])
([2, 2, 13, 19, 29], [1, None, 2, 2, -21])
([2, 2, 13, 19, 23], [1, None, 2, 2, -22])
([2, 2, 13, 23, 53], [1, None, 2, 3, -1])
([2, 2, 13, 23, 47], [1, None, 2, 3, -2])
([2, 2, 13, 23, 43], [1, None, 2, 3, -3])
([2, 2, 13, 23, 41], [1, None, 2, 3, -4])
([2, 2, 13, 23, 37], [1, None, 2, 3, -5])
([2, 2, 13, 23, 31], [1, None, 2, 3, -6])
([2, 2, 13, 23, 29], [1, None, 2, 3, -7])
([2, 2, 13, 29, 37], [1, None, 2, 4, -1])
([2, 2, 13, 29, 31], [1, None, 2, 4, -2])
([2, 2, 17, 19, 37], [1, None, 3, 3, -1])
([2, 2, 17, 19, 31], [1, None, 3, 3, -2])
([2, 2, 17, 19, 29], [1, None, 3, 3, -3])
([2, 2, 17, 19, 23], [1, None, 3, 3, -4])
([2, 2, 17, 23, 29], [1, None, 3, 4, -1])
([2, 5, 5, 17, 61], [1, 1, None, 1, -1])
([2, 5, 5, 17, 59], [1, 1, None, 1, -2])
([2, 5, 5, 17, 53], [1, 1, None, 1, -3])
([2, 5, 5, 17, 47], [1, 1, None, 1, -4])
([2, 5, 5, 17, 43], [1, 1, None, 1, -5])
([2, 5, 5, 17, 41], [1, 1, None, 1, -6])
([2, 5, 5, 17, 37], [1, 1, None, 1, -7])
([2, 5, 5, 17, 31], [1, 1, None, 1, -8])
([2, 5, 5, 17, 29], [1, 1, None, 1, -9])
([2, 5, 5, 17, 23], [1, 1, None, 1, -10])
([2, 5, 5, 19, 43], [1, 1, None, 2, -1])
([2, 5, 5, 19, 41], [1, 1, None, 2, -2])
([2, 5, 5, 19, 37], [1, 1, None, 2, -3])
([2, 5, 5, 19, 31], [1, 1, None, 2, -4])
([2, 5, 5, 19, 29], [1, 1, None, 2, -5])
([2, 5, 5, 19, 23], [1, 1, None, 2, -6])
([2, 5, 5, 23, 31], [1, 1, None, 3, -1])
([2, 5, 5, 23, 29], [1, 1, None, 3, -2])
([2, 5, 11, 11, 89], [1, 1, 1, None, -1])
([2, 5, 11, 11, 83], [1, 1, 1, None, -2])
([2, 5, 11, 11, 79], [1, 1, 1, None, -3])
([2, 5, 11, 11, 73], [1, 1, 1, None, -4])
([2, 5, 11, 11, 71], [1, 1, 1, None, -5])
([2, 5, 11, 11, 67], [1, 1, 1, None, -6])
([2, 5, 11, 11, 61], [1, 1, 1, None, -7])
([2, 5, 11, 11, 59], [1, 1, 1, None, -8])
([2, 5, 11, 59, 647], [1, 1, 1, 1, -1])
([2, 5, 11, 59, 643], [1, 1, 1, 1, -2])
([2, 5, 11, 59, 641], [1, 1, 1, 1, -3])
([2, 5, 11, 59, 631], [1, 1, 1, 1, -4])
([2, 5, 11, 59, 619], [1, 1, 1, 1, -5])
([2, 5, 11, 59, 617], [1, 1, 1, 1, -6])
([2, 5, 11, 59, 613], [1, 1, 1, 1, -7])
([2, 5, 11, 59, 607], [1, 1, 1, 1, -8])
([2, 5, 11, 59, 601], [1, 1, 1, 1, -9])
([2, 5, 11, 59, 599], [1, 1, 1, 1, -10])
([2, 5, 11, 59, 593], [1, 1, 1, 1, -11])
([2, 5, 11, 59, 587], [1, 1, 1, 1, -12])
([2, 5, 11, 59, 577], [1, 1, 1, 1, -13])
([2, 5, 11, 59, 571], [1, 1, 1, 1, -14])
([2, 5, 11, 59, 569], [1, 1, 1, 1, -15])
([2, 5, 11, 59, 563], [1, 1, 1, 1, -16])
([2, 5, 11, 59, 557], [1, 1, 1, 1, -17])
([2, 5, 11, 59, 547], [1, 1, 1, 1, -18])
([2, 5, 11, 59, 541], [1, 1, 1, 1, -19])
([2, 5, 11, 59, 523], [1, 1, 1, 1, -20])
([2, 5, 11, 59, 521], [1, 1, 1, 1, -21])
([2, 5, 11, 59, 509], [1, 1, 1, 1, -22])
([2, 5, 11, 59, 503], [1, 1, 1, 1, -23])
([2, 5, 11, 59, 499], [1, 1, 1, 1, -24])
([2, 5, 11, 59, 491], [1, 1, 1, 1, -25])
([2, 5, 11, 59, 487], [1, 1, 1, 1, -26])
([2, 5, 11, 59, 479], [1, 1, 1, 1, -27])
([2, 5, 11, 59, 467], [1, 1, 1, 1, -28])
([2, 5, 11, 59, 463], [1, 1, 1, 1, -29])
([2, 5, 11, 59, 461], [1, 1, 1, 1, -30])
([2, 5, 11, 59, 457], [1, 1, 1, 1, -31])
([2, 5, 11, 59, 449], [1, 1, 1, 1, -32])
([2, 5, 11, 59, 443], [1, 1, 1, 1, -33])
([2, 5, 11, 59, 439], [1, 1, 1, 1, -34])
([2, 5, 11, 59, 433], [1, 1, 1, 1, -35])
([2, 5, 11, 59, 431], [1, 1, 1, 1, -36])
([2, 5, 11, 59, 421], [1, 1, 1, 1, -37])
([2, 5, 11, 59, 419], [1, 1, 1, 1, -38])
([2, 5, 11, 59, 409], [1, 1, 1, 1, -39])
([2, 5, 11, 59, 401], [1, 1, 1, 1, -40])
([2, 5, 11, 59, 397], [1, 1, 1, 1, -41])
([2, 5, 11, 59, 389], [1, 1, 1, 1, -42])
([2, 5, 11, 59, 383], [1, 1, 1, 1, -43])
([2, 5, 11, 59, 379], [1, 1, 1, 1, -44])
([2, 5, 11, 59, 373], [1, 1, 1, 1, -45])
([2, 5, 11, 59, 367], [1, 1, 1, 1, -46])
([2, 5, 11, 59, 359], [1, 1, 1, 1, -47])
([2, 5, 11, 59, 353], [1, 1, 1, 1, -48])
([2, 5, 11, 59, 349], [1, 1, 1, 1, -49])
([2, 5, 11, 59, 347], [1, 1, 1, 1, -50])
([2, 5, 11, 59, 337], [1, 1, 1, 1, -51])
([2, 5, 11, 59, 331], [1, 1, 1, 1, -52])
([2, 5, 11, 59, 317], [1, 1, 1, 1, -53])
([2, 5, 11, 59, 313], [1, 1, 1, 1, -54])
([2, 5, 11, 59, 311], [1, 1, 1, 1, -55])
([2, 5, 11, 59, 307], [1, 1, 1, 1, -56])
([2, 5, 11, 59, 293], [1, 1, 1, 1, -57])
([2, 5, 11, 59, 283], [1, 1, 1, 1, -58])
([2, 5, 11, 59, 281], [1, 1, 1, 1, -59])
([2, 5, 11, 59, 277], [1, 1, 1, 1, -60])
([2, 5, 11, 59, 271], [1, 1, 1, 1, -61])
([2, 5, 11, 59, 269], [1, 1, 1, 1, -62])
([2, 5, 11, 59, 263], [1, 1, 1, 1, -63])
([2, 5, 11, 59, 257], [1, 1, 1, 1, -64])
([2, 5, 11, 59, 251], [1, 1, 1, 1, -65])
([2, 5, 11, 59, 241], [1, 1, 1, 1, -66])
([2, 5, 11, 59, 239], [1, 1, 1, 1, -67])
([2, 5, 11, 59, 233], [1, 1, 1, 1, -68])
([2, 5, 11, 59, 229], [1, 1, 1, 1, -69])
([2, 5, 11, 59, 227], [1, 1, 1, 1, -70])
([2, 5, 11, 59, 223], [1, 1, 1, 1, -71])
([2, 5, 11, 59, 211], [1, 1, 1, 1, -72])
([2, 5, 11, 59, 199], [1, 1, 1, 1, -73])
([2, 5, 11, 59, 197], [1, 1, 1, 1, -74])
([2, 5, 11, 59, 193], [1, 1, 1, 1, -75])
([2, 5, 11, 59, 191], [1, 1, 1, 1, -76])
([2, 5, 11, 59, 181], [1, 1, 1, 1, -77])
([2, 5, 11, 59, 179], [1, 1, 1, 1, -78])
([2, 5, 11, 59, 173], [1, 1, 1, 1, -79])
([2, 5, 11, 59, 167], [1, 1, 1, 1, -80])
([2, 5, 11, 59, 163], [1, 1, 1, 1, -81])
([2, 5, 11, 59, 157], [1, 1, 1, 1, -82])
([2, 5, 11, 59, 151], [1, 1, 1, 1, -83])
([2, 5, 11, 59, 149], [1, 1, 1, 1, -84])
([2, 5, 11, 59, 139], [1, 1, 1, 1, -85])
([2, 5, 11, 59, 137], [1, 1, 1, 1, -86])
([2, 5, 11, 59, 131], [1, 1, 1, 1, -87])
([2, 5, 11, 59, 127], [1, 1, 1, 1, -88])
([2, 5, 11, 59, 113], [1, 1, 1, 1, -89])
([2, 5, 11, 59, 109], [1, 1, 1, 1, -90])
([2, 5, 11, 59, 107], [1, 1, 1, 1, -91])
([2, 5, 11, 59, 103], [1, 1, 1, 1, -92])
([2, 5, 11, 59, 101], [1, 1, 1, 1, -93])
([2, 5, 11, 59, 97], [1, 1, 1, 1, -94])
([2, 5, 11, 59, 89], [1, 1, 1, 1, -95])
([2, 5, 11, 59, 83], [1, 1, 1, 1, -96])
([2, 5, 11, 59, 79], [1, 1, 1, 1, -97])
([2, 5, 11, 59, 73], [1, 1, 1, 1, -98])
([2, 5, 11, 59, 71], [1, 1, 1, 1, -99])
([2, 5, 11, 59, 67], [1, 1, 1, 1, -100])
([2, 5, 11, 59, 61], [1, 1, 1, 1, -101])
([2, 5, 11, 61, 467], [1, 1, 1, 2, -1])
([2, 5, 11, 61, 463], [1, 1, 1, 2, -2])
([2, 5, 11, 61, 461], [1, 1, 1, 2, -3])
([2, 5, 11, 61, 457], [1, 1, 1, 2, -4])
([2, 5, 11, 61, 449], [1, 1, 1, 2, -5])
([2, 5, 11, 61, 443], [1, 1, 1, 2, -6])
([2, 5, 11, 61, 439], [1, 1, 1, 2, -7])
([2, 5, 11, 61, 433], [1, 1, 1, 2, -8])
([2, 5, 11, 61, 431], [1, 1, 1, 2, -9])
([2, 5, 11, 61, 421], [1, 1, 1, 2, -10])
([2, 5, 11, 61, 419], [1, 1, 1, 2, -11])
([2, 5, 11, 61, 409], [1, 1, 1, 2, -12])
([2, 5, 11, 61, 401], [1, 1, 1, 2, -13])
([2, 5, 11, 61, 397], [1, 1, 1, 2, -14])
([2, 5, 11, 61, 389], [1, 1, 1, 2, -15])
([2, 5, 11, 61, 383], [1, 1, 1, 2, -16])
([2, 5, 11, 61, 379], [1, 1, 1, 2, -17])
([2, 5, 11, 61, 373], [1, 1, 1, 2, -18])
([2, 5, 11, 61, 367], [1, 1, 1, 2, -19])
([2, 5, 11, 61, 359], [1, 1, 1, 2, -20])
([2, 5, 11, 61, 353], [1, 1, 1, 2, -21])
([2, 5, 11, 61, 349], [1, 1, 1, 2, -22])
([2, 5, 11, 61, 347], [1, 1, 1, 2, -23])
([2, 5, 11, 61, 337], [1, 1, 1, 2, -24])
([2, 5, 11, 61, 331], [1, 1, 1, 2, -25])
([2, 5, 11, 61, 317], [1, 1, 1, 2, -26])
([2, 5, 11, 61, 313], [1, 1, 1, 2, -27])
([2, 5, 11, 61, 311], [1, 1, 1, 2, -28])
([2, 5, 11, 61, 307], [1, 1, 1, 2, -29])
([2, 5, 11, 61, 293], [1, 1, 1, 2, -30])
([2, 5, 11, 61, 283], [1, 1, 1, 2, -31])
([2, 5, 11, 61, 281], [1, 1, 1, 2, -32])
([2, 5, 11, 61, 277], [1, 1, 1, 2, -33])
([2, 5, 11, 61, 271], [1, 1, 1, 2, -34])
([2, 5, 11, 61, 269], [1, 1, 1, 2, -35])
([2, 5, 11, 61, 263], [1, 1, 1, 2, -36])
([2, 5, 11, 61, 257], [1, 1, 1, 2, -37])
([2, 5, 11, 61, 251], [1, 1, 1, 2, -38])
([2, 5, 11, 61, 241], [1, 1, 1, 2, -39])
([2, 5, 11, 61, 239], [1, 1, 1, 2, -40])
([2, 5, 11, 61, 233], [1, 1, 1, 2, -41])
([2, 5, 11, 61, 229], [1, 1, 1, 2, -42])
([2, 5, 11, 61, 227], [1, 1, 1, 2, -43])
([2, 5, 11, 61, 223], [1, 1, 1, 2, -44])
([2, 5, 11, 61, 211], [1, 1, 1, 2, -45])
([2, 5, 11, 61, 199], [1, 1, 1, 2, -46])
([2, 5, 11, 61, 197], [1, 1, 1, 2, -47])
([2, 5, 11, 61, 193], [1, 1, 1, 2, -48])
([2, 5, 11, 61, 191], [1, 1, 1, 2, -49])
([2, 5, 11, 61, 181], [1, 1, 1, 2, -50])
([2, 5, 11, 61, 179], [1, 1, 1, 2, -51])
([2, 5, 11, 61, 173], [1, 1, 1, 2, -52])
([2, 5, 11, 61, 167], [1, 1, 1, 2, -53])
([2, 5, 11, 61, 163], [1, 1, 1, 2, -54])
([2, 5, 11, 61, 157], [1, 1, 1, 2, -55])
([2, 5, 11, 61, 151], [1, 1, 1, 2, -56])
([2, 5, 11, 61, 149], [1, 1, 1, 2, -57])
([2, 5, 11, 61, 139], [1, 1, 1, 2, -58])
([2, 5, 11, 61, 137], [1, 1, 1, 2, -59])
([2, 5, 11, 61, 131], [1, 1, 1, 2, -60])
([2, 5, 11, 61, 127], [1, 1, 1, 2, -61])
([2, 5, 11, 61, 113], [1, 1, 1, 2, -62])
([2, 5, 11, 61, 109], [1, 1, 1, 2, -63])
([2, 5, 11, 61, 107], [1, 1, 1, 2, -64])
([2, 5, 11, 61, 103], [1, 1, 1, 2, -65])
([2, 5, 11, 61, 101], [1, 1, 1, 2, -66])
([2, 5, 11, 61, 97], [1, 1, 1, 2, -67])
([2, 5, 11, 61, 89], [1, 1, 1, 2, -68])
([2, 5, 11, 61, 83], [1, 1, 1, 2, -69])
([2, 5, 11, 61, 79], [1, 1, 1, 2, -70])
([2, 5, 11, 61, 73], [1, 1, 1, 2, -71])
([2, 5, 11, 61, 71], [1, 1, 1, 2, -72])
([2, 5, 11, 61, 67], [1, 1, 1, 2, -73])
([2, 5, 11, 67, 281], [1, 1, 1, 3, -1])
([2, 5, 11, 67, 277], [1, 1, 1, 3, -2])
([2, 5, 11, 67, 271], [1, 1, 1, 3, -3])
([2, 5, 11, 67, 269], [1, 1, 1, 3, -4])
([2, 5, 11, 67, 263], [1, 1, 1, 3, -5])
([2, 5, 11, 67, 257], [1, 1, 1, 3, -6])
([2, 5, 11, 67, 251], [1, 1, 1, 3, -7])
([2, 5, 11, 67, 241], [1, 1, 1, 3, -8])
([2, 5, 11, 67, 239], [1, 1, 1, 3, -9])
([2, 5, 11, 67, 233], [1, 1, 1, 3, -10])
([2, 5, 11, 67, 229], [1, 1, 1, 3, -11])
([2, 5, 11, 67, 227], [1, 1, 1, 3, -12])
([2, 5, 11, 67, 223], [1, 1, 1, 3, -13])
([2, 5, 11, 67, 211], [1, 1, 1, 3, -14])
([2, 5, 11, 67, 199], [1, 1, 1, 3, -15])
([2, 5, 11, 67, 197], [1, 1, 1, 3, -16])
([2, 5, 11, 67, 193], [1, 1, 1, 3, -17])
([2, 5, 11, 67, 191], [1, 1, 1, 3, -18])
([2, 5, 11, 67, 181], [1, 1, 1, 3, -19])
([2, 5, 11, 67, 179], [1, 1, 1, 3, -20])
([2, 5, 11, 67, 173], [1, 1, 1, 3, -21])
([2, 5, 11, 67, 167], [1, 1, 1, 3, -22])
([2, 5, 11, 67, 163], [1, 1, 1, 3, -23])
([2, 5, 11, 67, 157], [1, 1, 1, 3, -24])
([2, 5, 11, 67, 151], [1, 1, 1, 3, -25])
([2, 5, 11, 67, 149], [1, 1, 1, 3, -26])
([2, 5, 11, 67, 139], [1, 1, 1, 3, -27])
([2, 5, 11, 67, 137], [1, 1, 1, 3, -28])
([2, 5, 11, 67, 131], [1, 1, 1, 3, -29])
([2, 5, 11, 67, 127], [1, 1, 1, 3, -30])
([2, 5, 11, 67, 113], [1, 1, 1, 3, -31])
([2, 5, 11, 67, 109], [1, 1, 1, 3, -32])
([2, 5, 11, 67, 107], [1, 1, 1, 3, -33])
([2, 5, 11, 67, 103], [1, 1, 1, 3, -34])
([2, 5, 11, 67, 101], [1, 1, 1, 3, -35])
([2, 5, 11, 67, 97], [1, 1, 1, 3, -36])
([2, 5, 11, 67, 89], [1, 1, 1, 3, -37])
([2, 5, 11, 67, 83], [1, 1, 1, 3, -38])
([2, 5, 11, 67, 79], [1, 1, 1, 3, -39])
([2, 5, 11, 67, 73], [1, 1, 1, 3, -40])
([2, 5, 11, 67, 71], [1, 1, 1, 3, -41])
([2, 5, 11, 71, 227], [1, 1, 1, 4, -1])
([2, 5, 11, 71, 223], [1, 1, 1, 4, -2])
([2, 5, 11, 71, 211], [1, 1, 1, 4, -3])
([2, 5, 11, 71, 199], [1, 1, 1, 4, -4])
([2, 5, 11, 71, 197], [1, 1, 1, 4, -5])
([2, 5, 11, 71, 193], [1, 1, 1, 4, -6])
([2, 5, 11, 71, 191], [1, 1, 1, 4, -7])
([2, 5, 11, 71, 181], [1, 1, 1, 4, -8])
([2, 5, 11, 71, 179], [1, 1, 1, 4, -9])
([2, 5, 11, 71, 173], [1, 1, 1, 4, -10])
([2, 5, 11, 71, 167], [1, 1, 1, 4, -11])
([2, 5, 11, 71, 163], [1, 1, 1, 4, -12])
([2, 5, 11, 71, 157], [1, 1, 1, 4, -13])
([2, 5, 11, 71, 151], [1, 1, 1, 4, -14])
([2, 5, 11, 71, 149], [1, 1, 1, 4, -15])
([2, 5, 11, 71, 139], [1, 1, 1, 4, -16])
([2, 5, 11, 71, 137], [1, 1, 1, 4, -17])
([2, 5, 11, 71, 131], [1, 1, 1, 4, -18])
([2, 5, 11, 71, 127], [1, 1, 1, 4, -19])
([2, 5, 11, 71, 113], [1, 1, 1, 4, -20])
([2, 5, 11, 71, 109], [1, 1, 1, 4, -21])
([2, 5, 11, 71, 107], [1, 1, 1, 4, -22])
([2, 5, 11, 71, 103], [1, 1, 1, 4, -23])
([2, 5, 11, 71, 101], [1, 1, 1, 4, -24])
([2, 5, 11, 71, 97], [1, 1, 1, 4, -25])
([2, 5, 11, 71, 89], [1, 1, 1, 4, -26])
([2, 5, 11, 71, 83], [1, 1, 1, 4, -27])
([2, 5, 11, 71, 79], [1, 1, 1, 4, -28])
([2, 5, 11, 71, 73], [1, 1, 1, 4, -29])
([2, 5, 11, 73, 199], [1, 1, 1, 5, -1])
([2, 5, 11, 73, 197], [1, 1, 1, 5, -2])
([2, 5, 11, 73, 193], [1, 1, 1, 5, -3])
([2, 5, 11, 73, 191], [1, 1, 1, 5, -4])
([2, 5, 11, 73, 181], [1, 1, 1, 5, -5])
([2, 5, 11, 73, 179], [1, 1, 1, 5, -6])
([2, 5, 11, 73, 173], [1, 1, 1, 5, -7])
([2, 5, 11, 73, 167], [1, 1, 1, 5, -8])
([2, 5, 11, 73, 163], [1, 1, 1, 5, -9])
([2, 5, 11, 73, 157], [1, 1, 1, 5, -10])
([2, 5, 11, 73, 151], [1, 1, 1, 5, -11])
([2, 5, 11, 73, 149], [1, 1, 1, 5, -12])
([2, 5, 11, 73, 139], [1, 1, 1, 5, -13])
([2, 5, 11, 73, 137], [1, 1, 1, 5, -14])
([2, 5, 11, 73, 131], [1, 1, 1, 5, -15])
([2, 5, 11, 73, 127], [1, 1, 1, 5, -16])
([2, 5, 11, 73, 113], [1, 1, 1, 5, -17])
([2, 5, 11, 73, 109], [1, 1, 1, 5, -18])
([2, 5, 11, 73, 107], [1, 1, 1, 5, -19])
([2, 5, 11, 73, 103], [1, 1, 1, 5, -20])
([2, 5, 11, 73, 101], [1, 1, 1, 5, -21])
([2, 5, 11, 73, 97], [1, 1, 1, 5, -22])
([2, 5, 11, 73, 89], [1, 1, 1, 5, -23])
([2, 5, 11, 73, 83], [1, 1, 1, 5, -24])
([2, 5, 11, 73, 79], [1, 1, 1, 5, -25])
([2, 5, 11, 79, 167], [1, 1, 1, 6, -1])
([2, 5, 11, 79, 163], [1, 1, 1, 6, -2])
([2, 5, 11, 79, 157], [1, 1, 1, 6, -3])
([2, 5, 11, 79, 151], [1, 1, 1, 6, -4])
([2, 5, 11, 79, 149], [1, 1, 1, 6, -5])
([2, 5, 11, 79, 139], [1, 1, 1, 6, -6])
([2, 5, 11, 79, 137], [1, 1, 1, 6, -7])
([2, 5, 11, 79, 131], [1, 1, 1, 6, -8])
([2, 5, 11, 79, 127], [1, 1, 1, 6, -9])
([2, 5, 11, 79, 113], [1, 1, 1, 6, -10])
([2, 5, 11, 79, 109], [1, 1, 1, 6, -11])
([2, 5, 11, 79, 107], [1, 1, 1, 6, -12])
([2, 5, 11, 79, 103], [1, 1, 1, 6, -13])
([2, 5, 11, 79, 101], [1, 1, 1, 6, -14])
([2, 5, 11, 79, 97], [1, 1, 1, 6, -15])
([2, 5, 11, 79, 89], [1, 1, 1, 6, -16])
([2, 5, 11, 79, 83], [1, 1, 1, 6, -17])
([2, 5, 11, 83, 151], [1, 1, 1, 7, -1])
([2, 5, 11, 83, 149], [1, 1, 1, 7, -2])
([2, 5, 11, 83, 139], [1, 1, 1, 7, -3])
([2, 5, 11, 83, 137], [1, 1, 1, 7, -4])
([2, 5, 11, 83, 131], [1, 1, 1, 7, -5])
([2, 5, 11, 83, 127], [1, 1, 1, 7, -6])
([2, 5, 11, 83, 113], [1, 1, 1, 7, -7])
([2, 5, 11, 83, 109], [1, 1, 1, 7, -8])
([2, 5, 11, 83, 107], [1, 1, 1, 7, -9])
([2, 5, 11, 83, 103], [1, 1, 1, 7, -10])
([2, 5, 11, 83, 101], [1, 1, 1, 7, -11])
([2, 5, 11, 83, 97], [1, 1, 1, 7, -12])
([2, 5, 11, 83, 89], [1, 1, 1, 7, -13])
([2, 5, 11, 89, 137], [1, 1, 1, 8, -1])
([2, 5, 11, 89, 131], [1, 1, 1, 8, -2])
([2, 5, 11, 89, 127], [1, 1, 1, 8, -3])
([2, 5, 11, 89, 113], [1, 1, 1, 8, -4])
([2, 5, 11, 89, 109], [1, 1, 1, 8, -5])
([2, 5, 11, 89, 107], [1, 1, 1, 8, -6])
([2, 5, 11, 89, 103], [1, 1, 1, 8, -7])
([2, 5, 11, 89, 101], [1, 1, 1, 8, -8])
([2, 5, 11, 89, 97], [1, 1, 1, 8, -9])
([2, 5, 11, 97, 113], [1, 1, 1, 9, -1])
([2, 5, 11, 97, 109], [1, 1, 1, 9, -2])
([2, 5, 11, 97, 107], [1, 1, 1, 9, -3])
([2, 5, 11, 97, 103], [1, 1, 1, 9, -4])
([2, 5, 11, 97, 101], [1, 1, 1, 9, -5])
([2, 5, 11, 101, 113], [1, 1, 1, 10, -1])
([2, 5, 11, 101, 109], [1, 1, 1, 10, -2])
([2, 5, 11, 101, 107], [1, 1, 1, 10, -3])
([2, 5, 11, 101, 103], [1, 1, 1, 10, -4])
([2, 5, 11, 103, 113], [1, 1, 1, 11, -1])
([2, 5, 11, 103, 109], [1, 1, 1, 11, -2])
([2, 5, 11, 103, 107], [1, 1, 1, 11, -3])
([2, 5, 11, 107, 109], [1, 1, 1, 12, -1])
([2, 5, 13, 13, 37], [1, 1, 2, None, -1])
([2, 5, 13, 37, 211], [1, 1, 2, 1, -1])
([2, 5, 13, 37, 199], [1, 1, 2, 1, -2])
([2, 5, 13, 37, 197], [1, 1, 2, 1, -3])
([2, 5, 13, 37, 193], [1, 1, 2, 1, -4])
([2, 5, 13, 37, 191], [1, 1, 2, 1, -5])
([2, 5, 13, 37, 181], [1, 1, 2, 1, -6])
([2, 5, 13, 37, 179], [1, 1, 2, 1, -7])
([2, 5, 13, 37, 173], [1, 1, 2, 1, -8])
([2, 5, 13, 37, 167], [1, 1, 2, 1, -9])
([2, 5, 13, 37, 163], [1, 1, 2, 1, -10])
([2, 5, 13, 37, 157], [1, 1, 2, 1, -11])
([2, 5, 13, 37, 151], [1, 1, 2, 1, -12])
([2, 5, 13, 37, 149], [1, 1, 2, 1, -13])
([2, 5, 13, 37, 139], [1, 1, 2, 1, -14])
([2, 5, 13, 37, 137], [1, 1, 2, 1, -15])
([2, 5, 13, 37, 131], [1, 1, 2, 1, -16])
([2, 5, 13, 37, 127], [1, 1, 2, 1, -17])
([2, 5, 13, 37, 113], [1, 1, 2, 1, -18])
([2, 5, 13, 37, 109], [1, 1, 2, 1, -19])
([2, 5, 13, 37, 107], [1, 1, 2, 1, -20])
([2, 5, 13, 37, 103], [1, 1, 2, 1, -21])
([2, 5, 13, 37, 101], [1, 1, 2, 1, -22])
([2, 5, 13, 37, 97], [1, 1, 2, 1, -23])
([2, 5, 13, 37, 89], [1, 1, 2, 1, -24])
([2, 5, 13, 37, 83], [1, 1, 2, 1, -25])
([2, 5, 13, 37, 79], [1, 1, 2, 1, -26])
([2, 5, 13, 37, 73], [1, 1, 2, 1, -27])
([2, 5, 13, 37, 71], [1, 1, 2, 1, -28])
([2, 5, 13, 37, 67], [1, 1, 2, 1, -29])
([2, 5, 13, 37, 61], [1, 1, 2, 1, -30])
([2, 5, 13, 37, 59], [1, 1, 2, 1, -31])
([2, 5, 13, 37, 53], [1, 1, 2, 1, -32])
([2, 5, 13, 37, 47], [1, 1, 2, 1, -33])
([2, 5, 13, 37, 43], [1, 1, 2, 1, -34])
([2, 5, 13, 37, 41], [1, 1, 2, 1, -35])
([2, 5, 13, 41, 139], [1, 1, 2, 2, -1])
([2, 5, 13, 41, 137], [1, 1, 2, 2, -2])
([2, 5, 13, 41, 131], [1, 1, 2, 2, -3])
([2, 5, 13, 41, 127], [1, 1, 2, 2, -4])
([2, 5, 13, 41, 113], [1, 1, 2, 2, -5])
([2, 5, 13, 41, 109], [1, 1, 2, 2, -6])
([2, 5, 13, 41, 107], [1, 1, 2, 2, -7])
([2, 5, 13, 41, 103], [1, 1, 2, 2, -8])
([2, 5, 13, 41, 101], [1, 1, 2, 2, -9])
([2, 5, 13, 41, 97], [1, 1, 2, 2, -10])
([2, 5, 13, 41, 89], [1, 1, 2, 2, -11])
([2, 5, 13, 41, 83], [1, 1, 2, 2, -12])
([2, 5, 13, 41, 79], [1, 1, 2, 2, -13])
([2, 5, 13, 41, 73], [1, 1, 2, 2, -14])
([2, 5, 13, 41, 71], [1, 1, 2, 2, -15])
([2, 5, 13, 41, 67], [1, 1, 2, 2, -16])
([2, 5, 13, 41, 61], [1, 1, 2, 2, -17])
([2, 5, 13, 41, 59], [1, 1, 2, 2, -18])
([2, 5, 13, 41, 53], [1, 1, 2, 2, -19])
([2, 5, 13, 41, 47], [1, 1, 2, 2, -20])
([2, 5, 13, 41, 43], [1, 1, 2, 2, -21])
([2, 5, 13, 43, 113], [1, 1, 2, 3, -1])
([2, 5, 13, 43, 109], [1, 1, 2, 3, -2])
([2, 5, 13, 43, 107], [1, 1, 2, 3, -3])
([2, 5, 13, 43, 103], [1, 1, 2, 3, -4])
([2, 5, 13, 43, 101], [1, 1, 2, 3, -5])
([2, 5, 13, 43, 97], [1, 1, 2, 3, -6])
([2, 5, 13, 43, 89], [1, 1, 2, 3, -7])
([2, 5, 13, 43, 83], [1, 1, 2, 3, -8])
([2, 5, 13, 43, 79], [1, 1, 2, 3, -9])
([2, 5, 13, 43, 73], [1, 1, 2, 3, -10])
([2, 5, 13, 43, 71], [1, 1, 2, 3, -11])
([2, 5, 13, 43, 67], [1, 1, 2, 3, -12])
([2, 5, 13, 43, 61], [1, 1, 2, 3, -13])
([2, 5, 13, 43, 59], [1, 1, 2, 3, -14])
([2, 5, 13, 43, 53], [1, 1, 2, 3, -15])
([2, 5, 13, 43, 47], [1, 1, 2, 3, -16])
([2, 5, 13, 47, 97], [1, 1, 2, 4, -1])
([2, 5, 13, 47, 89], [1, 1, 2, 4, -2])
([2, 5, 13, 47, 83], [1, 1, 2, 4, -3])
([2, 5, 13, 47, 79], [1, 1, 2, 4, -4])
([2, 5, 13, 47, 73], [1, 1, 2, 4, -5])
([2, 5, 13, 47, 71], [1, 1, 2, 4, -6])
([2, 5, 13, 47, 67], [1, 1, 2, 4, -7])
([2, 5, 13, 47, 61], [1, 1, 2, 4, -8])
([2, 5, 13, 47, 59], [1, 1, 2, 4, -9])
([2, 5, 13, 47, 53], [1, 1, 2, 4, -10])
([2, 5, 13, 53, 79], [1, 1, 2, 5, -1])
([2, 5, 13, 53, 73], [1, 1, 2, 5, -2])
([2, 5, 13, 53, 71], [1, 1, 2, 5, -3])
([2, 5, 13, 53, 67], [1, 1, 2, 5, -4])
([2, 5, 13, 53, 61], [1, 1, 2, 5, -5])
([2, 5, 13, 53, 59], [1, 1, 2, 5, -6])
([2, 5, 13, 59, 67], [1, 1, 2, 6, -1])
([2, 5, 13, 59, 61], [1, 1, 2, 6, -2])
([2, 5, 17, 23, 173], [1, 1, 3, 1, -1])
([2, 5, 17, 23, 167], [1, 1, 3, 1, -2])
([2, 5, 17, 23, 163], [1, 1, 3, 1, -3])
([2, 5, 17, 23, 157], [1, 1, 3, 1, -4])
([2, 5, 17, 23, 151], [1, 1, 3, 1, -5])
([2, 5, 17, 23, 149], [1, 1, 3, 1, -6])
([2, 5, 17, 23, 139], [1, 1, 3, 1, -7])
([2, 5, 17, 23, 137], [1, 1, 3, 1, -8])
([2, 5, 17, 23, 131], [1, 1, 3, 1, -9])
([2, 5, 17, 23, 127], [1, 1, 3, 1, -10])
([2, 5, 17, 23, 113], [1, 1, 3, 1, -11])
([2, 5, 17, 23, 109], [1, 1, 3, 1, -12])
([2, 5, 17, 23, 107], [1, 1, 3, 1, -13])
([2, 5, 17, 23, 103], [1, 1, 3, 1, -14])
([2, 5, 17, 23, 101], [1, 1, 3, 1, -15])
([2, 5, 17, 23, 97], [1, 1, 3, 1, -16])
([2, 5, 17, 23, 89], [1, 1, 3, 1, -17])
([2, 5, 17, 23, 83], [1, 1, 3, 1, -18])
([2, 5, 17, 23, 79], [1, 1, 3, 1, -19])
([2, 5, 17, 23, 73], [1, 1, 3, 1, -20])
([2, 5, 17, 23, 71], [1, 1, 3, 1, -21])
([2, 5, 17, 23, 67], [1, 1, 3, 1, -22])
([2, 5, 17, 23, 61], [1, 1, 3, 1, -23])
([2, 5, 17, 23, 59], [1, 1, 3, 1, -24])
([2, 5, 17, 23, 53], [1, 1, 3, 1, -25])
([2, 5, 17, 23, 47], [1, 1, 3, 1, -26])
([2, 5, 17, 23, 43], [1, 1, 3, 1, -27])
([2, 5, 17, 23, 41], [1, 1, 3, 1, -28])
([2, 5, 17, 23, 37], [1, 1, 3, 1, -29])
([2, 5, 17, 23, 31], [1, 1, 3, 1, -30])
([2, 5, 17, 23, 29], [1, 1, 3, 1, -31])
([2, 5, 17, 29, 67], [1, 1, 3, 2, -1])
([2, 5, 17, 29, 61], [1, 1, 3, 2, -2])
([2, 5, 17, 29, 59], [1, 1, 3, 2, -3])
([2, 5, 17, 29, 53], [1, 1, 3, 2, -4])
([2, 5, 17, 29, 47], [1, 1, 3, 2, -5])
([2, 5, 17, 29, 43], [1, 1, 3, 2, -6])
([2, 5, 17, 29, 41], [1, 1, 3, 2, -7])
([2, 5, 17, 29, 37], [1, 1, 3, 2, -8])
([2, 5, 17, 29, 31], [1, 1, 3, 2, -9])
([2, 5, 17, 31, 59], [1, 1, 3, 3, -1])
([2, 5, 17, 31, 53], [1, 1, 3, 3, -2])
([2, 5, 17, 31, 47], [1, 1, 3, 3, -3])
([2, 5, 17, 31, 43], [1, 1, 3, 3, -4])
([2, 5, 17, 31, 41], [1, 1, 3, 3, -5])
([2, 5, 17, 31, 37], [1, 1, 3, 3, -6])
([2, 5, 17, 37, 43], [1, 1, 3, 4, -1])
([2, 5, 17, 37, 41], [1, 1, 3, 4, -2])
([2, 5, 19, 23, 83], [1, 1, 4, 2, -1])
([2, 5, 19, 23, 79], [1, 1, 4, 2, -2])
([2, 5, 19, 23, 73], [1, 1, 4, 2, -3])
([2, 5, 19, 23, 71], [1, 1, 4, 2, -4])
([2, 5, 19, 23, 67], [1, 1, 4, 2, -5])
([2, 5, 19, 23, 61], [1, 1, 4, 2, -6])
([2, 5, 19, 23, 59], [1, 1, 4, 2, -7])
([2, 5, 19, 23, 53], [1, 1, 4, 2, -8])
([2, 5, 19, 23, 47], [1, 1, 4, 2, -9])
([2, 5, 19, 23, 43], [1, 1, 4, 2, -10])
([2, 5, 19, 23, 41], [1, 1, 4, 2, -11])
([2, 5, 19, 23, 37], [1, 1, 4, 2, -12])
([2, 5, 19, 23, 31], [1, 1, 4, 2, -13])
([2, 5, 19, 23, 29], [1, 1, 4, 2, -14])
([2, 5, 19, 29, 47], [1, 1, 4, 3, -1])
([2, 5, 19, 29, 43], [1, 1, 4, 3, -2])
([2, 5, 19, 29, 41], [1, 1, 4, 3, -3])
([2, 5, 19, 29, 37], [1, 1, 4, 3, -4])
([2, 5, 19, 29, 31], [1, 1, 4, 3, -5])
([2, 5, 19, 31, 43], [1, 1, 4, 4, -1])
([2, 5, 19, 31, 41], [1, 1, 4, 4, -2])
([2, 5, 19, 31, 37], [1, 1, 4, 4, -3])
([2, 5, 23, 29, 31], [1, 1, 5, 4, -1])
([2, 7, 7, 11, 19], [1, 2, None, 2, -1])
([2, 7, 7, 11, 17], [1, 2, None, 2, -2])
([2, 7, 11, 17, 97], [1, 2, 2, 1, -1])
([2, 7, 11, 17, 89], [1, 2, 2, 1, -2])
([2, 7, 11, 17, 83], [1, 2, 2, 1, -3])
([2, 7, 11, 17, 79], [1, 2, 2, 1, -4])
([2, 7, 11, 17, 73], [1, 2, 2, 1, -5])
([2, 7, 11, 17, 71], [1, 2, 2, 1, -6])
([2, 7, 11, 17, 67], [1, 2, 2, 1, -7])
([2, 7, 11, 17, 61], [1, 2, 2, 1, -8])
([2, 7, 11, 17, 59], [1, 2, 2, 1, -9])
([2, 7, 11, 17, 53], [1, 2, 2, 1, -10])
([2, 7, 11, 17, 47], [1, 2, 2, 1, -11])
([2, 7, 11, 17, 43], [1, 2, 2, 1, -12])
([2, 7, 11, 17, 41], [1, 2, 2, 1, -13])
([2, 7, 11, 17, 37], [1, 2, 2, 1, -14])
([2, 7, 11, 17, 31], [1, 2, 2, 1, -15])
([2, 7, 11, 17, 29], [1, 2, 2, 1, -16])
([2, 7, 11, 17, 23], [1, 2, 2, 1, -17])
([2, 7, 11, 17, 19], [1, 2, 2, 1, -18])
([2, 7, 11, 19, 61], [1, 2, 2, 2, -1])
([2, 7, 11, 19, 59], [1, 2, 2, 2, -2])
([2, 7, 11, 19, 53], [1, 2, 2, 2, -3])
([2, 7, 11, 19, 47], [1, 2, 2, 2, -4])
([2, 7, 11, 19, 43], [1, 2, 2, 2, -5])
([2, 7, 11, 19, 41], [1, 2, 2, 2, -6])
([2, 7, 11, 19, 37], [1, 2, 2, 2, -7])
([2, 7, 11, 19, 31], [1, 2, 2, 2, -8])
([2, 7, 11, 19, 29], [1, 2, 2, 2, -9])
([2, 7, 11, 19, 23], [1, 2, 2, 2, -10])
([2, 7, 11, 23, 37], [1, 2, 2, 3, -1])
([2, 7, 11, 23, 31], [1, 2, 2, 3, -2])
([2, 7, 11, 23, 29], [1, 2, 2, 3, -3])
([2, 7, 13, 17, 43], [1, 2, 3, 2, -1])
([2, 7, 13, 17, 41], [1, 2, 3, 2, -2])
([2, 7, 13, 17, 37], [1, 2, 3, 2, -3])
([2, 7, 13, 17, 31], [1, 2, 3, 2, -4])
([2, 7, 13, 17, 29], [1, 2, 3, 2, -5])
([2, 7, 13, 17, 23], [1, 2, 3, 2, -6])
([2, 7, 13, 17, 19], [1, 2, 3, 2, -7])
([2, 7, 13, 19, 31], [1, 2, 3, 3, -1])
([2, 7, 13, 19, 29], [1, 2, 3, 3, -2])
([2, 7, 13, 19, 23], [1, 2, 3, 3, -3])
([3, 3, 3, 5, 7], [2, None, None, 2, -1])
([3, 3, 5, 5, 7], [2, None, 2, None, -1])
([3, 3, 5, 7, 103], [2, None, 2, 1, -1])
([3, 3, 5, 7, 101], [2, None, 2, 1, -2])
([3, 3, 5, 7, 97], [2, None, 2, 1, -3])
([3, 3, 5, 7, 89], [2, None, 2, 1, -4])
([3, 3, 5, 7, 83], [2, None, 2, 1, -5])
([3, 3, 5, 7, 79], [2, None, 2, 1, -6])
([3, 3, 5, 7, 73], [2, None, 2, 1, -7])
([3, 3, 5, 7, 71], [2, None, 2, 1, -8])
([3, 3, 5, 7, 67], [2, None, 2, 1, -9])
([3, 3, 5, 7, 61], [2, None, 2, 1, -10])
([3, 3, 5, 7, 59], [2, None, 2, 1, -11])
([3, 3, 5, 7, 53], [2, None, 2, 1, -12])
([3, 3, 5, 7, 47], [2, None, 2, 1, -13])
([3, 3, 5, 7, 43], [2, None, 2, 1, -14])
([3, 3, 5, 7, 41], [2, None, 2, 1, -15])
([3, 3, 5, 7, 37], [2, None, 2, 1, -16])
([3, 3, 5, 7, 31], [2, None, 2, 1, -17])
([3, 3, 5, 7, 29], [2, None, 2, 1, -18])
([3, 3, 5, 7, 23], [2, None, 2, 1, -19])
([3, 3, 5, 7, 19], [2, None, 2, 1, -20])
([3, 3, 5, 7, 17], [2, None, 2, 1, -21])
([3, 3, 5, 7, 13], [2, None, 2, 1, -22])
([3, 3, 5, 7, 11], [2, None, 2, 1, -23])
([3, 3, 5, 7, 7], [2, None, 2, 1, None])
([3, 3, 5, 11, 17], [2, None, 2, 2, -1])
([3, 3, 5, 11, 13], [2, None, 2, 2, -2])
([3, 5, 5, 7, 17], [2, 2, None, 2, -1])
([3, 5, 5, 7, 13], [2, 2, None, 2, -2])
([3, 5, 5, 7, 11], [2, 2, None, 2, -3])
([3, 5, 7, 7, 13], [2, 2, 2, None, -1])
([3, 5, 7, 7, 11], [2, 2, 2, None, -2])
([3, 5, 7, 11, 383], [2, 2, 2, 1, -1])
([3, 5, 7, 11, 379], [2, 2, 2, 1, -2])
([3, 5, 7, 11, 373], [2, 2, 2, 1, -3])
([3, 5, 7, 11, 367], [2, 2, 2, 1, -4])
([3, 5, 7, 11, 359], [2, 2, 2, 1, -5])
([3, 5, 7, 11, 353], [2, 2, 2, 1, -6])
([3, 5, 7, 11, 349], [2, 2, 2, 1, -7])
([3, 5, 7, 11, 347], [2, 2, 2, 1, -8])
([3, 5, 7, 11, 337], [2, 2, 2, 1, -9])
([3, 5, 7, 11, 331], [2, 2, 2, 1, -10])
([3, 5, 7, 11, 317], [2, 2, 2, 1, -11])
([3, 5, 7, 11, 313], [2, 2, 2, 1, -12])
([3, 5, 7, 11, 311], [2, 2, 2, 1, -13])
([3, 5, 7, 11, 307], [2, 2, 2, 1, -14])
([3, 5, 7, 11, 293], [2, 2, 2, 1, -15])
([3, 5, 7, 11, 283], [2, 2, 2, 1, -16])
([3, 5, 7, 11, 281], [2, 2, 2, 1, -17])
([3, 5, 7, 11, 277], [2, 2, 2, 1, -18])
([3, 5, 7, 11, 271], [2, 2, 2, 1, -19])
([3, 5, 7, 11, 269], [2, 2, 2, 1, -20])
([3, 5, 7, 11, 263], [2, 2, 2, 1, -21])
([3, 5, 7, 11, 257], [2, 2, 2, 1, -22])
([3, 5, 7, 11, 251], [2, 2, 2, 1, -23])
([3, 5, 7, 11, 241], [2, 2, 2, 1, -24])
([3, 5, 7, 11, 239], [2, 2, 2, 1, -25])
([3, 5, 7, 11, 233], [2, 2, 2, 1, -26])
([3, 5, 7, 11, 229], [2, 2, 2, 1, -27])
([3, 5, 7, 11, 227], [2, 2, 2, 1, -28])
([3, 5, 7, 11, 223], [2, 2, 2, 1, -29])
([3, 5, 7, 11, 211], [2, 2, 2, 1, -30])
([3, 5, 7, 11, 199], [2, 2, 2, 1, -31])
([3, 5, 7, 11, 197], [2, 2, 2, 1, -32])
([3, 5, 7, 11, 193], [2, 2, 2, 1, -33])
([3, 5, 7, 11, 191], [2, 2, 2, 1, -34])
([3, 5, 7, 11, 181], [2, 2, 2, 1, -35])
([3, 5, 7, 11, 179], [2, 2, 2, 1, -36])
([3, 5, 7, 11, 173], [2, 2, 2, 1, -37])
([3, 5, 7, 11, 167], [2, 2, 2, 1, -38])
([3, 5, 7, 11, 163], [2, 2, 2, 1, -39])
([3, 5, 7, 11, 157], [2, 2, 2, 1, -40])
([3, 5, 7, 11, 151], [2, 2, 2, 1, -41])
([3, 5, 7, 11, 149], [2, 2, 2, 1, -42])
([3, 5, 7, 11, 139], [2, 2, 2, 1, -43])
([3, 5, 7, 11, 137], [2, 2, 2, 1, -44])
([3, 5, 7, 11, 131], [2, 2, 2, 1, -45])
([3, 5, 7, 11, 127], [2, 2, 2, 1, -46])
([3, 5, 7, 11, 113], [2, 2, 2, 1, -47])
([3, 5, 7, 11, 109], [2, 2, 2, 1, -48])
([3, 5, 7, 11, 107], [2, 2, 2, 1, -49])
([3, 5, 7, 11, 103], [2, 2, 2, 1, -50])
([3, 5, 7, 11, 101], [2, 2, 2, 1, -51])
([3, 5, 7, 11, 97], [2, 2, 2, 1, -52])
([3, 5, 7, 11, 89], [2, 2, 2, 1, -53])
([3, 5, 7, 11, 83], [2, 2, 2, 1, -54])
([3, 5, 7, 11, 79], [2, 2, 2, 1, -55])
([3, 5, 7, 11, 73], [2, 2, 2, 1, -56])
([3, 5, 7, 11, 71], [2, 2, 2, 1, -57])
([3, 5, 7, 11, 67], [2, 2, 2, 1, -58])
([3, 5, 7, 11, 61], [2, 2, 2, 1, -59])
([3, 5, 7, 11, 59], [2, 2, 2, 1, -60])
([3, 5, 7, 11, 53], [2, 2, 2, 1, -61])
([3, 5, 7, 11, 47], [2, 2, 2, 1, -62])
([3, 5, 7, 11, 43], [2, 2, 2, 1, -63])
([3, 5, 7, 11, 41], [2, 2, 2, 1, -64])
([3, 5, 7, 11, 37], [2, 2, 2, 1, -65])
([3, 5, 7, 11, 31], [2, 2, 2, 1, -66])
([3, 5, 7, 11, 29], [2, 2, 2, 1, -67])
([3, 5, 7, 11, 23], [2, 2, 2, 1, -68])
([3, 5, 7, 11, 19], [2, 2, 2, 1, -69])
([3, 5, 7, 11, 17], [2, 2, 2, 1, -70])
([3, 5, 7, 11, 13], [2, 2, 2, 1, -71])
([3, 5, 7, 11, 11], [2, 2, 2, 1, None])
([3, 5, 7, 13, 61], [2, 2, 2, 2, -1])
([3, 5, 7, 13, 59], [2, 2, 2, 2, -2])
([3, 5, 7, 13, 53], [2, 2, 2, 2, -3])
([3, 5, 7, 13, 47], [2, 2, 2, 2, -4])
([3, 5, 7, 13, 43], [2, 2, 2, 2, -5])
([3, 5, 7, 13, 41], [2, 2, 2, 2, -6])
([3, 5, 7, 13, 37], [2, 2, 2, 2, -7])
([3, 5, 7, 13, 31], [2, 2, 2, 2, -8])
([3, 5, 7, 13, 29], [2, 2, 2, 2, -9])
([3, 5, 7, 13, 23], [2, 2, 2, 2, -10])
([3, 5, 7, 13, 19], [2, 2, 2, 2, -11])
([3, 5, 7, 13, 17], [2, 2, 2, 2, -12])
([3, 5, 7, 17, 29], [2, 2, 2, 3, -1])
([3, 5, 7, 17, 23], [2, 2, 2, 3, -2])
([3, 5, 7, 17, 19], [2, 2, 2, 3, -3])
([3, 5, 7, 19, 23], [2, 2, 2, 4, -1])
