Complete list of weirds with given bigomega
...........................................

sage: pan_bigomega(2, method="weird")
Found 0 primitive abundants numbers 0 with small abundance (marked with  *) and 0 weirds
[]

sage: pan_bigomega(3, method="weird")
[2, 5, 7] [1, 1, -1]  * 
Found 2 primitive abundants numbers 2 with small abundance (marked with  *) and 1 weirds

sage: pan_bigomega(4, method="weird")
[2, 2, 11, 19] [1, None, 1, -1]  * 
[2, 5, 11, 53] [1, 1, 1, -1]  * 
[2, 5, 13, 31] [1, 1, 2, -1]  * 
Found 25 primitive abundants numbers 9 with small abundance (marked with  *) and 3 weirds

sage: pan_bigomega(5, method="weird")
[2, 2, 2, 17, 127] [1, None, None, 1, -2]  * 
[2, 2, 2, 19, 71] [1, None, None, 2, -2]  * 
[2, 2, 2, 19, 61] [1, None, None, 2, -4]  * 
[2, 2, 2, 23, 43] [1, None, None, 3, -1]  * 
[2, 2, 2, 29, 31] [1, None, None, 4, -1]  * 
[2, 2, 11, 23, 251] [1, None, 1, 1, -1]  * 
[2, 2, 11, 23, 241] [1, None, 1, 1, -2]  * 
[2, 2, 11, 31, 67] [1, None, 1, 3, -1]  * 
[2, 2, 13, 17, 439] [1, None, 2, 1, -1]  * 
[2, 2, 13, 17, 389] [1, None, 2, 1, -9]  * 
[2, 2, 13, 17, 383] [1, None, 2, 1, -10]  * 
[2, 2, 17, 23, 29] [1, None, 3, 4, -1]  * 
[2, 5, 11, 59, 647] [1, 1, 1, 1, -1]  * 
Found 903 primitive abundants numbers 71 with small abundance (marked with  *) and 13 weirds

sage: pan_bigomega(6, method="weird")
[2, 2, 2, 2, 37, 191] [1, None, None, None, 1, -2]  * 
[2, 2, 2, 2, 41, 127] [1, None, None, None, 2, -1]  * 
[2, 2, 2, 2, 43, 107] [1, None, None, None, 3, -3]  * 
[2, 2, 2, 17, 137, 9311] [1, None, None, 1, 1, -1]  * 
[2, 2, 2, 17, 137, 8699] [1, None, None, 1, 1, -69]  * 
[2, 2, 2, 17, 137, 7877] [1, None, None, 1, 1, -158]  * 
[2, 2, 2, 17, 137, 7603] [1, None, None, 1, 1, -187]  * 
[2, 2, 2, 17, 139, 4723] [1, None, None, 1, 2, -1]  * 
[2, 2, 2, 17, 139, 4517] [1, None, None, 1, 2, -25]  * 
[2, 2, 2, 17, 197, 431] [1, None, None, 1, 13, -1]  * 
[2, 2, 2, 17, 199, 419] [1, None, None, 1, 14, -2]  * 
[2, 2, 2, 19, 79, 1499] [1, None, None, 2, 1, -1]  * 
[2, 2, 2, 19, 83, 787] [1, None, None, 2, 2, -1]  * 
[2, 2, 2, 23, 47, 1019] [1, None, None, 3, 1, -10]  * 
[2, 2, 2, 23, 67, 139] [1, None, None, 3, 5, -1]  * 
[2, 2, 11, 23, 257, 13003] [1, None, 1, 1, 1, -1]  * 
[2, 2, 11, 23, 257, 13001] [1, None, 1, 1, 1, -2]  * 
[2, 2, 11, 23, 263, 6047] [1, None, 1, 1, 2, -1]  * 
[2, 2, 11, 23, 271, 3607] [1, None, 1, 1, 4, -1]  * 
[2, 2, 11, 23, 277, 2801] [1, None, 1, 1, 5, -1]  * 
[2, 2, 11, 23, 313, 1297] [1, None, 1, 1, 11, -1]  * 
[2, 2, 11, 23, 457, 563] [1, None, 1, 1, 34, -1]  * 
[2, 2, 11, 23, 461, 557] [1, None, 1, 1, 35, -1]  * 
[2, 2, 13, 17, 443, 97847] [1, None, 2, 1, 1, -7]  * 
[2, 2, 13, 17, 443, 97283] [1, None, 2, 1, 1, -53]  * 
[2, 2, 13, 17, 443, 97259] [1, None, 2, 1, 1, -54]  * 
[2, 2, 13, 17, 443, 97241] [1, None, 2, 1, 1, -55]  * 
[2, 2, 13, 17, 443, 97231] [1, None, 2, 1, 1, -56]  * 
[2, 2, 13, 17, 443, 97213] [1, None, 2, 1, 1, -57]  * 
[2, 2, 13, 17, 443, 97187] [1, None, 2, 1, 1, -58]  * 
[2, 2, 13, 17, 443, 97127] [1, None, 2, 1, 1, -65]  * 
[2, 2, 13, 17, 443, 95603] [1, None, 2, 1, 1, -195]  * 
[2, 2, 13, 17, 443, 93997] [1, None, 2, 1, 1, -341]  * 
[2, 2, 13, 17, 443, 93637] [1, None, 2, 1, 1, -369]  * 
[2, 2, 13, 17, 443, 93557] [1, None, 2, 1, 1, -376]  * 
[2, 2, 13, 17, 443, 93251] [1, None, 2, 1, 1, -405]  * 
[2, 2, 13, 17, 443, 92671] [1, None, 2, 1, 1, -460]  * 
[2, 2, 13, 17, 443, 90373] [1, None, 2, 1, 1, -661]  * 
[2, 2, 13, 17, 443, 89567] [1, None, 2, 1, 1, -737]  * 
[2, 2, 13, 17, 443, 89041] [1, None, 2, 1, 1, -787]  * 
[2, 2, 13, 17, 443, 88681] [1, None, 2, 1, 1, -820]  * 
[2, 2, 13, 17, 443, 88321] [1, None, 2, 1, 1, -847]  * 
[2, 2, 13, 17, 443, 88241] [1, None, 2, 1, 1, -852]  * 
[2, 2, 13, 17, 443, 87629] [1, None, 2, 1, 1, -903]  * 
[2, 2, 13, 17, 443, 87049] [1, None, 2, 1, 1, -956]  * 
[2, 2, 13, 17, 443, 80627] [1, None, 2, 1, 1, -1522] 
[2, 2, 13, 17, 449, 24799] [1, None, 2, 1, 2, -1]  * 
[2, 2, 13, 17, 449, 24631] [1, None, 2, 1, 2, -15]  * 
[2, 2, 13, 17, 457, 12541] [1, None, 2, 1, 3, -11]  * 
[2, 2, 13, 17, 457, 12539] [1, None, 2, 1, 3, -12]  * 
[2, 2, 13, 17, 457, 12517] [1, None, 2, 1, 3, -14]  * 
[2, 2, 13, 17, 463, 9241] [1, None, 2, 1, 5, -6]  * 
[2, 2, 13, 17, 463, 9239] [1, None, 2, 1, 5, -7]  * 
[2, 2, 13, 17, 467, 7883] [1, None, 2, 1, 6, -7]  * 
[2, 2, 13, 17, 479, 5569] [1, None, 2, 1, 7, -1]  * 
[2, 2, 13, 17, 593, 1723] [1, None, 2, 1, 23, -1]  * 
[2, 2, 13, 17, 661, 1327] [1, None, 2, 1, 36, -1]  * 
[2, 2, 13, 23, 61, 1657] [1, None, 2, 3, 2, -1]  * 
[2, 2, 13, 23, 71, 347] [1, None, 2, 3, 4, -1]  * 
Found 265587 primitive abundants numbers 6170 with small abundance (marked with  *) and 59 weirds
